37 9 13 166 82 83 6
REP 0 0 0 1 14
REP 1 0 1 0 14
REP 2 0 2 0 16
REP 3 0 3 0 19
REP 4 0 4 0 19
REP 5 0 5 0 20
REP 6 0 6 0 20
REP 7 0 7 0 21
REP 8 3 3 1 20
REP 9 3 4 0 22
REP 10 3 5 0 14
REP 11 3 7 0 15
REP 12 7 7 2 18
LIT 0 0 0 -1 0 0
LIT 0 0 1 0 1 0
LIT 0 0 2 0 2 0
LIT 0 0 3 0 3 0
LIT 0 0 4 0 4 0
LIT 0 0 5 0 5 0
LIT 0 0 6 0 6 0
LIT 0 0 7 0 7 0
LIT 0 0 8 0 8 0
LIT 0 0 9 0 9 0
LIT 0 0 10 0 10 0
LIT 0 0 11 0 11 0
LIT 0 0 12 0 12 0
LIT 0 0 13 0 13 0
LIT 0 0 14 0 14 0
LIT 0 0 15 0 15 0
LIT 0 0 16 0 16 0
LIT 0 0 17 0 17 0
LIT 0 0 18 0 18 0
LIT 0 0 19 0 19 0
LIT 0 0 20 0 20 0
LIT 0 0 21 0 21 0
LIT 0 0 22 0 22 0
LIT 0 0 23 0 23 0
LIT 0 0 24 0 24 0
LIT 0 0 25 0 25 0
LIT 0 0 26 0 26 0
LIT 0 0 27 0 27 0
LIT 0 0 28 0 28 0
LIT 0 0 29 0 29 0
LIT 0 0 30 0 30 0
LIT 0 0 31 0 31 0
LIT 0 0 32 0 32 0
LIT 0 0 33 0 33 0
LIT 0 0 34 0 34 0
LIT 0 0 35 0 35 0
LIT 0 0 36 0 36 0
LIT 0 1 0 1 0 0
LIT 0 1 1 1 1 0
LIT 0 1 2 1 2 0
LIT 0 1 3 1 3 0
LIT 0 1 4 1 4 0
LIT 0 1 5 1 5 0
LIT 0 1 6 1 6 0
LIT 0 1 7 1 7 0
LIT 0 1 8 1 8 0
LIT 0 1 9 1 9 0
LIT 0 1 10 1 10 0
LIT 0 1 11 1 11 0
LIT 0 1 12 1 12 0
LIT 0 1 13 1 13 0
LIT 0 1 14 1 14 0
LIT 0 1 15 1 15 0
LIT 0 1 16 1 16 0
LIT 0 1 17 1 17 0
LIT 0 1 18 1 18 0
LIT 0 1 19 1 19 0
LIT 0 1 20 1 20 0
LIT 0 1 21 1 21 0
LIT 0 1 22 1 22 0
LIT 0 1 23 1 23 0
LIT 0 1 24 1 24 0
LIT 0 1 25 1 25 0
LIT 0 1 26 1 26 0
LIT 0 1 27 1 27 0
LIT 0 1 28 1 28 0
LIT 0 1 29 1 29 0
LIT 0 1 30 1 30 0
LIT 0 1 31 1 31 0
LIT 0 1 32 1 32 0
LIT 0 1 33 1 33 0
LIT 0 1 34 1 34 0
LIT 0 1 35 1 35 0
LIT 0 1 36 1 36 0
LIT 0 2 0 2 0 0
LIT 0 2 1 2 1 0
LIT 0 2 2 2 2 0
LIT 0 2 3 2 3 0
LIT 0 2 4 2 4 0
LIT 0 2 5 2 5 0
LIT 0 2 6 2 6 0
LIT 0 2 7 2 7 0
LIT 0 2 8 2 8 0
LIT 0 2 9 2 9 0
LIT 0 2 10 2 10 0
LIT 0 2 11 2 11 0
LIT 0 2 12 2 12 0
LIT 0 2 13 2 13 0
LIT 0 2 14 2 14 0
LIT 0 2 15 2 15 0
LIT 0 2 16 2 16 0
LIT 0 2 17 2 17 0
LIT 0 2 18 2 18 0
LIT 0 2 19 2 19 0
LIT 0 2 20 2 20 0
LIT 0 2 21 2 21 0
LIT 0 2 22 2 22 0
LIT 0 2 23 2 23 0
LIT 0 2 24 2 24 0
LIT 0 2 25 2 25 0
LIT 0 2 26 2 26 0
LIT 0 2 27 2 27 0
LIT 0 2 28 2 28 0
LIT 0 2 29 2 29 0
LIT 0 2 30 2 30 0
LIT 0 2 31 2 31 0
LIT 0 2 32 2 32 0
LIT 0 2 33 2 33 0
LIT 0 2 34 2 34 0
LIT 0 2 35 2 35 0
LIT 0 2 36 2 36 0
LIT 0 3 0 3 0 0
LIT 0 3 1 3 1 0
LIT 0 3 2 3 2 0
LIT 0 3 3 3 3 0
LIT 0 3 4 3 4 0
LIT 0 3 5 3 5 0
LIT 0 3 6 3 6 0
LIT 0 3 7 3 7 0
LIT 0 3 8 3 8 0
LIT 0 3 9 3 9 0
LIT 0 3 10 3 10 0
LIT 0 3 11 3 11 0
LIT 0 3 12 3 12 0
LIT 0 3 13 3 13 0
LIT 0 3 14 3 14 0
LIT 0 3 15 3 15 0
LIT 0 3 16 3 16 0
LIT 0 3 17 3 17 0
LIT 0 3 18 3 18 0
LIT 0 3 19 3 19 0
LIT 0 3 20 3 20 0
LIT 0 3 21 3 21 0
LIT 0 3 22 3 22 0
LIT 0 3 23 3 23 0
LIT 0 3 24 3 24 0
LIT 0 3 25 3 25 0
LIT 0 3 26 3 26 0
LIT 0 3 27 3 27 0
LIT 0 3 28 3 28 0
LIT 0 3 29 3 29 0
LIT 0 3 30 3 30 0
LIT 0 3 31 3 31 0
LIT 0 3 32 3 32 0
LIT 0 3 33 3 33 0
LIT 0 3 34 3 34 0
LIT 0 3 35 3 35 0
LIT 0 3 36 3 36 0
LIT 0 4 0 4 0 0
LIT 0 4 1 4 1 0
LIT 0 4 2 4 2 0
LIT 0 4 3 4 3 0
LIT 0 4 4 4 4 0
LIT 0 4 5 4 5 0
LIT 0 4 6 4 6 0
LIT 0 4 7 4 7 0
LIT 0 4 8 4 8 0
LIT 0 4 9 4 9 0
LIT 0 4 10 4 10 0
LIT 0 4 11 4 11 0
LIT 0 4 12 4 12 0
LIT 0 4 13 4 13 0
LIT 0 4 14 4 14 0
LIT 0 4 15 4 15 0
LIT 0 4 16 4 16 0
LIT 0 4 17 4 17 0
LIT 0 4 18 4 18 0
LIT 0 4 19 4 19 0
LIT 0 4 20 4 20 0
LIT 0 4 21 4 21 0
LIT 0 4 22 4 22 0
LIT 0 4 23 4 23 0
LIT 0 4 24 4 24 0
LIT 0 4 25 4 25 0
LIT 0 4 26 4 26 0
LIT 0 4 27 4 27 0
LIT 0 4 28 4 28 0
LIT 0 4 29 4 29 0
LIT 0 4 30 4 30 0
LIT 0 4 31 4 31 0
LIT 0 4 32 4 32 0
LIT 0 4 33 4 33 0
LIT 0 4 34 4 34 0
LIT 0 4 35 4 35 0
LIT 0 4 36 4 36 0
LIT 0 5 0 5 0 0
LIT 0 5 1 5 1 0
LIT 0 5 2 5 2 0
LIT 0 5 3 5 3 0
LIT 0 5 4 5 4 0
LIT 0 5 5 5 5 0
LIT 0 5 6 5 6 0
LIT 0 5 7 5 7 0
LIT 0 5 8 5 8 0
LIT 0 5 9 5 9 0
LIT 0 5 10 5 10 0
LIT 0 5 11 5 11 0
LIT 0 5 12 5 12 0
LIT 0 5 13 5 13 0
LIT 0 5 14 5 14 0
LIT 0 5 15 5 15 0
LIT 0 5 16 5 16 0
LIT 0 5 17 5 17 0
LIT 0 5 18 5 18 0
LIT 0 5 19 5 19 0
LIT 0 5 20 5 20 0
LIT 0 5 21 5 21 0
LIT 0 5 22 5 22 0
LIT 0 5 23 5 23 0
LIT 0 5 24 5 24 0
LIT 0 5 25 5 25 0
LIT 0 5 26 5 26 0
LIT 0 5 27 5 27 0
LIT 0 5 28 5 28 0
LIT 0 5 29 5 29 0
LIT 0 5 30 5 30 0
LIT 0 5 31 5 31 0
LIT 0 5 32 5 32 0
LIT 0 5 33 5 33 0
LIT 0 5 34 5 34 0
LIT 0 5 35 5 35 0
LIT 0 5 36 5 36 0
LIT 0 6 0 6 0 0
LIT 0 6 1 6 1 0
LIT 0 6 2 6 2 0
LIT 0 6 3 6 3 0
LIT 0 6 4 6 4 0
LIT 0 6 5 6 5 0
LIT 0 6 6 6 6 0
LIT 0 6 7 6 7 0
LIT 0 6 8 6 8 0
LIT 0 6 9 6 9 0
LIT 0 6 10 6 10 0
LIT 0 6 11 6 11 0
LIT 0 6 12 6 12 0
LIT 0 6 13 6 13 0
LIT 0 6 14 6 14 0
LIT 0 6 15 6 15 0
LIT 0 6 16 6 16 0
LIT 0 6 17 6 17 0
LIT 0 6 18 6 18 0
LIT 0 6 19 6 19 0
LIT 0 6 20 6 20 0
LIT 0 6 21 6 21 0
LIT 0 6 22 6 22 0
LIT 0 6 23 6 23 0
LIT 0 6 24 6 24 0
LIT 0 6 25 6 25 0
LIT 0 6 26 6 26 0
LIT 0 6 27 6 27 0
LIT 0 6 28 6 28 0
LIT 0 6 29 6 29 0
LIT 0 6 30 6 30 0
LIT 0 6 31 6 31 0
LIT 0 6 32 6 32 0
LIT 0 6 33 6 33 0
LIT 0 6 34 6 34 0
LIT 0 6 35 6 35 0
LIT 0 6 36 6 36 0
LIT 0 7 0 7 0 0
LIT 0 7 1 7 1 0
LIT 0 7 2 7 2 0
LIT 0 7 3 7 3 0
LIT 0 7 4 7 4 0
LIT 0 7 5 7 5 0
LIT 0 7 6 7 6 0
LIT 0 7 7 7 7 0
LIT 0 7 8 7 8 0
LIT 0 7 9 7 9 0
LIT 0 7 10 7 10 0
LIT 0 7 11 7 11 0
LIT 0 7 12 7 12 0
LIT 0 7 13 7 13 0
LIT 0 7 14 7 14 0
LIT 0 7 15 7 15 0
LIT 0 7 16 7 16 0
LIT 0 7 17 7 17 0
LIT 0 7 18 7 18 0
LIT 0 7 19 7 19 0
LIT 0 7 20 7 20 0
LIT 0 7 21 7 21 0
LIT 0 7 22 7 22 0
LIT 0 7 23 7 23 0
LIT 0 7 24 7 24 0
LIT 0 7 25 7 25 0
LIT 0 7 26 7 26 0
LIT 0 7 27 7 27 0
LIT 0 7 28 7 28 0
LIT 0 7 29 7 29 0
LIT 0 7 30 7 30 0
LIT 0 7 31 7 31 0
LIT 0 7 32 7 32 0
LIT 0 7 33 7 33 0
LIT 0 7 34 7 34 0
LIT 0 7 35 7 35 0
LIT 0 7 36 7 36 0
LIT 0 8 0 1 0 1
LIT 0 8 1 1 6 1
LIT 0 8 2 1 12 1
LIT 0 8 3 1 18 1
LIT 0 8 4 1 24 1
LIT 0 8 5 1 30 1
LIT 0 8 6 1 36 1
LIT 0 8 7 1 5 1
LIT 0 8 8 1 11 1
LIT 0 8 9 1 17 1
LIT 0 8 10 1 23 1
LIT 0 8 11 1 29 1
LIT 0 8 12 1 35 1
LIT 0 8 13 1 4 1
LIT 0 8 14 1 10 1
LIT 0 8 15 1 16 1
LIT 0 8 16 1 22 1
LIT 0 8 17 1 28 1
LIT 0 8 18 1 34 1
LIT 0 8 19 1 3 1
LIT 0 8 20 1 9 1
LIT 0 8 21 1 15 1
LIT 0 8 22 1 21 1
LIT 0 8 23 1 27 1
LIT 0 8 24 1 33 1
LIT 0 8 25 1 2 1
LIT 0 8 26 1 8 1
LIT 0 8 27 1 14 1
LIT 0 8 28 1 20 1
LIT 0 8 29 1 26 1
LIT 0 8 30 1 32 1
LIT 0 8 31 1 1 1
LIT 0 8 32 1 7 1
LIT 0 8 33 1 13 1
LIT 0 8 34 1 19 1
LIT 0 8 35 1 25 1
LIT 0 8 36 1 31 1
LIT 1 0 0 1 0 0
LIT 1 0 1 1 36 0
LIT 1 0 2 1 35 0
LIT 1 0 3 1 34 0
LIT 1 0 4 1 33 0
LIT 1 0 5 1 32 0
LIT 1 0 6 1 31 0
LIT 1 0 7 1 30 0
LIT 1 0 8 1 29 0
LIT 1 0 9 1 28 0
LIT 1 0 10 1 27 0
LIT 1 0 11 1 26 0
LIT 1 0 12 1 25 0
LIT 1 0 13 1 24 0
LIT 1 0 14 1 23 0
LIT 1 0 15 1 22 0
LIT 1 0 16 1 21 0
LIT 1 0 17 1 20 0
LIT 1 0 18 1 19 0
LIT 1 0 19 1 18 0
LIT 1 0 20 1 17 0
LIT 1 0 21 1 16 0
LIT 1 0 22 1 15 0
LIT 1 0 23 1 14 0
LIT 1 0 24 1 13 0
LIT 1 0 25 1 12 0
LIT 1 0 26 1 11 0
LIT 1 0 27 1 10 0
LIT 1 0 28 1 9 0
LIT 1 0 29 1 8 0
LIT 1 0 30 1 7 0
LIT 1 0 31 1 6 0
LIT 1 0 32 1 5 0
LIT 1 0 33 1 4 0
LIT 1 0 34 1 3 0
LIT 1 0 35 1 2 0
LIT 1 0 36 1 1 0
LIT 1 1 0 -1 0 0
LIT 1 1 1 0 6 1
LIT 1 1 2 0 12 1
LIT 1 1 3 0 18 1
LIT 1 1 4 0 24 1
LIT 1 1 5 0 30 1
LIT 1 1 6 0 36 1
LIT 1 1 7 0 5 1
LIT 1 1 8 0 11 1
LIT 1 1 9 0 17 1
LIT 1 1 10 0 23 1
LIT 1 1 11 0 29 1
LIT 1 1 12 0 35 1
LIT 1 1 13 0 4 1
LIT 1 1 14 0 10 1
LIT 1 1 15 0 16 1
LIT 1 1 16 0 22 1
LIT 1 1 17 0 28 1
LIT 1 1 18 0 34 1
LIT 1 1 19 0 3 1
LIT 1 1 20 0 9 1
LIT 1 1 21 0 15 1
LIT 1 1 22 0 21 1
LIT 1 1 23 0 27 1
LIT 1 1 24 0 33 1
LIT 1 1 25 0 2 1
LIT 1 1 26 0 8 1
LIT 1 1 27 0 14 1
LIT 1 1 28 0 20 1
LIT 1 1 29 0 26 1
LIT 1 1 30 0 32 1
LIT 1 1 31 0 1 1
LIT 1 1 32 0 7 1
LIT 1 1 33 0 13 1
LIT 1 1 34 0 19 1
LIT 1 1 35 0 25 1
LIT 1 1 36 0 31 1
LIT 1 2 0 1 0 1
LIT 1 2 1 1 6 1
LIT 1 2 2 1 12 1
LIT 1 2 3 1 18 1
LIT 1 2 4 1 24 1
LIT 1 2 5 1 30 1
LIT 1 2 6 1 36 1
LIT 1 2 7 1 5 1
LIT 1 2 8 1 11 1
LIT 1 2 9 1 17 1
LIT 1 2 10 1 23 1
LIT 1 2 11 1 29 1
LIT 1 2 12 1 35 1
LIT 1 2 13 1 4 1
LIT 1 2 14 1 10 1
LIT 1 2 15 1 16 1
LIT 1 2 16 1 22 1
LIT 1 2 17 1 28 1
LIT 1 2 18 1 34 1
LIT 1 2 19 1 3 1
LIT 1 2 20 1 9 1
LIT 1 2 21 1 15 1
LIT 1 2 22 1 21 1
LIT 1 2 23 1 27 1
LIT 1 2 24 1 33 1
LIT 1 2 25 1 2 1
LIT 1 2 26 1 8 1
LIT 1 2 27 1 14 1
LIT 1 2 28 1 20 1
LIT 1 2 29 1 26 1
LIT 1 2 30 1 32 1
LIT 1 2 31 1 1 1
LIT 1 2 32 1 7 1
LIT 1 2 33 1 13 1
LIT 1 2 34 1 19 1
LIT 1 2 35 1 25 1
LIT 1 2 36 1 31 1
LIT 1 3 0 5 0 1
LIT 1 3 1 5 6 1
LIT 1 3 2 5 12 1
LIT 1 3 3 5 18 1
LIT 1 3 4 5 24 1
LIT 1 3 5 5 30 1
LIT 1 3 6 5 36 1
LIT 1 3 7 5 5 1
LIT 1 3 8 5 11 1
LIT 1 3 9 5 17 1
LIT 1 3 10 5 23 1
LIT 1 3 11 5 29 1
LIT 1 3 12 5 35 1
LIT 1 3 13 5 4 1
LIT 1 3 14 5 10 1
LIT 1 3 15 5 16 1
LIT 1 3 16 5 22 1
LIT 1 3 17 5 28 1
LIT 1 3 18 5 34 1
LIT 1 3 19 5 3 1
LIT 1 3 20 5 9 1
LIT 1 3 21 5 15 1
LIT 1 3 22 5 21 1
LIT 1 3 23 5 27 1
LIT 1 3 24 5 33 1
LIT 1 3 25 5 2 1
LIT 1 3 26 5 8 1
LIT 1 3 27 5 14 1
LIT 1 3 28 5 20 1
LIT 1 3 29 5 26 1
LIT 1 3 30 5 32 1
LIT 1 3 31 5 1 1
LIT 1 3 32 5 7 1
LIT 1 3 33 5 13 1
LIT 1 3 34 5 19 1
LIT 1 3 35 5 25 1
LIT 1 3 36 5 31 1
LIT 1 4 0 6 0 1
LIT 1 4 1 6 6 1
LIT 1 4 2 6 12 1
LIT 1 4 3 6 18 1
LIT 1 4 4 6 24 1
LIT 1 4 5 6 30 1
LIT 1 4 6 6 36 1
LIT 1 4 7 6 5 1
LIT 1 4 8 6 11 1
LIT 1 4 9 6 17 1
LIT 1 4 10 6 23 1
LIT 1 4 11 6 29 1
LIT 1 4 12 6 35 1
LIT 1 4 13 6 4 1
LIT 1 4 14 6 10 1
LIT 1 4 15 6 16 1
LIT 1 4 16 6 22 1
LIT 1 4 17 6 28 1
LIT 1 4 18 6 34 1
LIT 1 4 19 6 3 1
LIT 1 4 20 6 9 1
LIT 1 4 21 6 15 1
LIT 1 4 22 6 21 1
LIT 1 4 23 6 27 1
LIT 1 4 24 6 33 1
LIT 1 4 25 6 2 1
LIT 1 4 26 6 8 1
LIT 1 4 27 6 14 1
LIT 1 4 28 6 20 1
LIT 1 4 29 6 26 1
LIT 1 4 30 6 32 1
LIT 1 4 31 6 1 1
LIT 1 4 32 6 7 1
LIT 1 4 33 6 13 1
LIT 1 4 34 6 19 1
LIT 1 4 35 6 25 1
LIT 1 4 36 6 31 1
LIT 1 5 0 4 0 1
LIT 1 5 1 4 6 1
LIT 1 5 2 4 12 1
LIT 1 5 3 4 18 1
LIT 1 5 4 4 24 1
LIT 1 5 5 4 30 1
LIT 1 5 6 4 36 1
LIT 1 5 7 4 5 1
LIT 1 5 8 4 11 1
LIT 1 5 9 4 17 1
LIT 1 5 10 4 23 1
LIT 1 5 11 4 29 1
LIT 1 5 12 4 35 1
LIT 1 5 13 4 4 1
LIT 1 5 14 4 10 1
LIT 1 5 15 4 16 1
LIT 1 5 16 4 22 1
LIT 1 5 17 4 28 1
LIT 1 5 18 4 34 1
LIT 1 5 19 4 3 1
LIT 1 5 20 4 9 1
LIT 1 5 21 4 15 1
LIT 1 5 22 4 21 1
LIT 1 5 23 4 27 1
LIT 1 5 24 4 33 1
LIT 1 5 25 4 2 1
LIT 1 5 26 4 8 1
LIT 1 5 27 4 14 1
LIT 1 5 28 4 20 1
LIT 1 5 29 4 26 1
LIT 1 5 30 4 32 1
LIT 1 5 31 4 1 1
LIT 1 5 32 4 7 1
LIT 1 5 33 4 13 1
LIT 1 5 34 4 19 1
LIT 1 5 35 4 25 1
LIT 1 5 36 4 31 1
LIT 1 6 0 3 0 1
LIT 1 6 1 3 6 1
LIT 1 6 2 3 12 1
LIT 1 6 3 3 18 1
LIT 1 6 4 3 24 1
LIT 1 6 5 3 30 1
LIT 1 6 6 3 36 1
LIT 1 6 7 3 5 1
LIT 1 6 8 3 11 1
LIT 1 6 9 3 17 1
LIT 1 6 10 3 23 1
LIT 1 6 11 3 29 1
LIT 1 6 12 3 35 1
LIT 1 6 13 3 4 1
LIT 1 6 14 3 10 1
LIT 1 6 15 3 16 1
LIT 1 6 16 3 22 1
LIT 1 6 17 3 28 1
LIT 1 6 18 3 34 1
LIT 1 6 19 3 3 1
LIT 1 6 20 3 9 1
LIT 1 6 21 3 15 1
LIT 1 6 22 3 21 1
LIT 1 6 23 3 27 1
LIT 1 6 24 3 33 1
LIT 1 6 25 3 2 1
LIT 1 6 26 3 8 1
LIT 1 6 27 3 14 1
LIT 1 6 28 3 20 1
LIT 1 6 29 3 26 1
LIT 1 6 30 3 32 1
LIT 1 6 31 3 1 1
LIT 1 6 32 3 7 1
LIT 1 6 33 3 13 1
LIT 1 6 34 3 19 1
LIT 1 6 35 3 25 1
LIT 1 6 36 3 31 1
LIT 1 7 0 7 0 1
LIT 1 7 1 7 6 1
LIT 1 7 2 7 12 1
LIT 1 7 3 7 18 1
LIT 1 7 4 7 24 1
LIT 1 7 5 7 30 1
LIT 1 7 6 7 36 1
LIT 1 7 7 7 5 1
LIT 1 7 8 7 11 1
LIT 1 7 9 7 17 1
LIT 1 7 10 7 23 1
LIT 1 7 11 7 29 1
LIT 1 7 12 7 35 1
LIT 1 7 13 7 4 1
LIT 1 7 14 7 10 1
LIT 1 7 15 7 16 1
LIT 1 7 16 7 22 1
LIT 1 7 17 7 28 1
LIT 1 7 18 7 34 1
LIT 1 7 19 7 3 1
LIT 1 7 20 7 9 1
LIT 1 7 21 7 15 1
LIT 1 7 22 7 21 1
LIT 1 7 23 7 27 1
LIT 1 7 24 7 33 1
LIT 1 7 25 7 2 1
LIT 1 7 26 7 8 1
LIT 1 7 27 7 14 1
LIT 1 7 28 7 20 1
LIT 1 7 29 7 26 1
LIT 1 7 30 7 32 1
LIT 1 7 31 7 1 1
LIT 1 7 32 7 7 1
LIT 1 7 33 7 13 1
LIT 1 7 34 7 19 1
LIT 1 7 35 7 25 1
LIT 1 7 36 7 31 1
LIT 1 8 0 2 0 1
LIT 1 8 1 2 6 1
LIT 1 8 2 2 12 1
LIT 1 8 3 2 18 1
LIT 1 8 4 2 24 1
LIT 1 8 5 2 30 1
LIT 1 8 6 2 36 1
LIT 1 8 7 2 5 1
LIT 1 8 8 2 11 1
LIT 1 8 9 2 17 1
LIT 1 8 10 2 23 1
LIT 1 8 11 2 29 1
LIT 1 8 12 2 35 1
LIT 1 8 13 2 4 1
LIT 1 8 14 2 10 1
LIT 1 8 15 2 16 1
LIT 1 8 16 2 22 1
LIT 1 8 17 2 28 1
LIT 1 8 18 2 34 1
LIT 1 8 19 2 3 1
LIT 1 8 20 2 9 1
LIT 1 8 21 2 15 1
LIT 1 8 22 2 21 1
LIT 1 8 23 2 27 1
LIT 1 8 24 2 33 1
LIT 1 8 25 2 2 1
LIT 1 8 26 2 8 1
LIT 1 8 27 2 14 1
LIT 1 8 28 2 20 1
LIT 1 8 29 2 26 1
LIT 1 8 30 2 32 1
LIT 1 8 31 2 1 1
LIT 1 8 32 2 7 1
LIT 1 8 33 2 13 1
LIT 1 8 34 2 19 1
LIT 1 8 35 2 25 1
LIT 1 8 36 2 31 1
LIT 2 0 0 2 0 0
LIT 2 0 1 2 36 0
LIT 2 0 2 2 35 0
LIT 2 0 3 2 34 0
LIT 2 0 4 2 33 0
LIT 2 0 5 2 32 0
LIT 2 0 6 2 31 0
LIT 2 0 7 2 30 0
LIT 2 0 8 2 29 0
LIT 2 0 9 2 28 0
LIT 2 0 10 2 27 0
LIT 2 0 11 2 26 0
LIT 2 0 12 2 25 0
LIT 2 0 13 2 24 0
LIT 2 0 14 2 23 0
LIT 2 0 15 2 22 0
LIT 2 0 16 2 21 0
LIT 2 0 17 2 20 0
LIT 2 0 18 2 19 0
LIT 2 0 19 2 18 0
LIT 2 0 20 2 17 0
LIT 2 0 21 2 16 0
LIT 2 0 22 2 15 0
LIT 2 0 23 2 14 0
LIT 2 0 24 2 13 0
LIT 2 0 25 2 12 0
LIT 2 0 26 2 11 0
LIT 2 0 27 2 10 0
LIT 2 0 28 2 9 0
LIT 2 0 29 2 8 0
LIT 2 0 30 2 7 0
LIT 2 0 31 2 6 0
LIT 2 0 32 2 5 0
LIT 2 0 33 2 4 0
LIT 2 0 34 2 3 0
LIT 2 0 35 2 2 0
LIT 2 0 36 2 1 0
LIT 2 1 0 1 0 1
LIT 2 1 1 1 31 1
LIT 2 1 2 1 25 1
LIT 2 1 3 1 19 1
LIT 2 1 4 1 13 1
LIT 2 1 5 1 7 1
LIT 2 1 6 1 1 1
LIT 2 1 7 1 32 1
LIT 2 1 8 1 26 1
LIT 2 1 9 1 20 1
LIT 2 1 10 1 14 1
LIT 2 1 11 1 8 1
LIT 2 1 12 1 2 1
LIT 2 1 13 1 33 1
LIT 2 1 14 1 27 1
LIT 2 1 15 1 21 1
LIT 2 1 16 1 15 1
LIT 2 1 17 1 9 1
LIT 2 1 18 1 3 1
LIT 2 1 19 1 34 1
LIT 2 1 20 1 28 1
LIT 2 1 21 1 22 1
LIT 2 1 22 1 16 1
LIT 2 1 23 1 10 1
LIT 2 1 24 1 4 1
LIT 2 1 25 1 35 1
LIT 2 1 26 1 29 1
LIT 2 1 27 1 23 1
LIT 2 1 28 1 17 1
LIT 2 1 29 1 11 1
LIT 2 1 30 1 5 1
LIT 2 1 31 1 36 1
LIT 2 1 32 1 30 1
LIT 2 1 33 1 24 1
LIT 2 1 34 1 18 1
LIT 2 1 35 1 12 1
LIT 2 1 36 1 6 1
LIT 2 2 0 -1 0 0
LIT 2 2 1 0 36 0
LIT 2 2 2 0 35 0
LIT 2 2 3 0 34 0
LIT 2 2 4 0 33 0
LIT 2 2 5 0 32 0
LIT 2 2 6 0 31 0
LIT 2 2 7 0 30 0
LIT 2 2 8 0 29 0
LIT 2 2 9 0 28 0
LIT 2 2 10 0 27 0
LIT 2 2 11 0 26 0
LIT 2 2 12 0 25 0
LIT 2 2 13 0 24 0
LIT 2 2 14 0 23 0
LIT 2 2 15 0 22 0
LIT 2 2 16 0 21 0
LIT 2 2 17 0 20 0
LIT 2 2 18 0 19 0
LIT 2 2 19 0 18 0
LIT 2 2 20 0 17 0
LIT 2 2 21 0 16 0
LIT 2 2 22 0 15 0
LIT 2 2 23 0 14 0
LIT 2 2 24 0 13 0
LIT 2 2 25 0 12 0
LIT 2 2 26 0 11 0
LIT 2 2 27 0 10 0
LIT 2 2 28 0 9 0
LIT 2 2 29 0 8 0
LIT 2 2 30 0 7 0
LIT 2 2 31 0 6 0
LIT 2 2 32 0 5 0
LIT 2 2 33 0 4 0
LIT 2 2 34 0 3 0
LIT 2 2 35 0 2 0
LIT 2 2 36 0 1 0
LIT 2 3 0 4 0 0
LIT 2 3 1 4 36 0
LIT 2 3 2 4 35 0
LIT 2 3 3 4 34 0
LIT 2 3 4 4 33 0
LIT 2 3 5 4 32 0
LIT 2 3 6 4 31 0
LIT 2 3 7 4 30 0
LIT 2 3 8 4 29 0
LIT 2 3 9 4 28 0
LIT 2 3 10 4 27 0
LIT 2 3 11 4 26 0
LIT 2 3 12 4 25 0
LIT 2 3 13 4 24 0
LIT 2 3 14 4 23 0
LIT 2 3 15 4 22 0
LIT 2 3 16 4 21 0
LIT 2 3 17 4 20 0
LIT 2 3 18 4 19 0
LIT 2 3 19 4 18 0
LIT 2 3 20 4 17 0
LIT 2 3 21 4 16 0
LIT 2 3 22 4 15 0
LIT 2 3 23 4 14 0
LIT 2 3 24 4 13 0
LIT 2 3 25 4 12 0
LIT 2 3 26 4 11 0
LIT 2 3 27 4 10 0
LIT 2 3 28 4 9 0
LIT 2 3 29 4 8 0
LIT 2 3 30 4 7 0
LIT 2 3 31 4 6 0
LIT 2 3 32 4 5 0
LIT 2 3 33 4 4 0
LIT 2 3 34 4 3 0
LIT 2 3 35 4 2 0
LIT 2 3 36 4 1 0
LIT 2 4 0 3 0 0
LIT 2 4 1 3 36 0
LIT 2 4 2 3 35 0
LIT 2 4 3 3 34 0
LIT 2 4 4 3 33 0
LIT 2 4 5 3 32 0
LIT 2 4 6 3 31 0
LIT 2 4 7 3 30 0
LIT 2 4 8 3 29 0
LIT 2 4 9 3 28 0
LIT 2 4 10 3 27 0
LIT 2 4 11 3 26 0
LIT 2 4 12 3 25 0
LIT 2 4 13 3 24 0
LIT 2 4 14 3 23 0
LIT 2 4 15 3 22 0
LIT 2 4 16 3 21 0
LIT 2 4 17 3 20 0
LIT 2 4 18 3 19 0
LIT 2 4 19 3 18 0
LIT 2 4 20 3 17 0
LIT 2 4 21 3 16 0
LIT 2 4 22 3 15 0
LIT 2 4 23 3 14 0
LIT 2 4 24 3 13 0
LIT 2 4 25 3 12 0
LIT 2 4 26 3 11 0
LIT 2 4 27 3 10 0
LIT 2 4 28 3 9 0
LIT 2 4 29 3 8 0
LIT 2 4 30 3 7 0
LIT 2 4 31 3 6 0
LIT 2 4 32 3 5 0
LIT 2 4 33 3 4 0
LIT 2 4 34 3 3 0
LIT 2 4 35 3 2 0
LIT 2 4 36 3 1 0
LIT 2 5 0 6 0 0
LIT 2 5 1 6 36 0
LIT 2 5 2 6 35 0
LIT 2 5 3 6 34 0
LIT 2 5 4 6 33 0
LIT 2 5 5 6 32 0
LIT 2 5 6 6 31 0
LIT 2 5 7 6 30 0
LIT 2 5 8 6 29 0
LIT 2 5 9 6 28 0
LIT 2 5 10 6 27 0
LIT 2 5 11 6 26 0
LIT 2 5 12 6 25 0
LIT 2 5 13 6 24 0
LIT 2 5 14 6 23 0
LIT 2 5 15 6 22 0
LIT 2 5 16 6 21 0
LIT 2 5 17 6 20 0
LIT 2 5 18 6 19 0
LIT 2 5 19 6 18 0
LIT 2 5 20 6 17 0
LIT 2 5 21 6 16 0
LIT 2 5 22 6 15 0
LIT 2 5 23 6 14 0
LIT 2 5 24 6 13 0
LIT 2 5 25 6 12 0
LIT 2 5 26 6 11 0
LIT 2 5 27 6 10 0
LIT 2 5 28 6 9 0
LIT 2 5 29 6 8 0
LIT 2 5 30 6 7 0
LIT 2 5 31 6 6 0
LIT 2 5 32 6 5 0
LIT 2 5 33 6 4 0
LIT 2 5 34 6 3 0
LIT 2 5 35 6 2 0
LIT 2 5 36 6 1 0
LIT 2 6 0 5 0 0
LIT 2 6 1 5 36 0
LIT 2 6 2 5 35 0
LIT 2 6 3 5 34 0
LIT 2 6 4 5 33 0
LIT 2 6 5 5 32 0
LIT 2 6 6 5 31 0
LIT 2 6 7 5 30 0
LIT 2 6 8 5 29 0
LIT 2 6 9 5 28 0
LIT 2 6 10 5 27 0
LIT 2 6 11 5 26 0
LIT 2 6 12 5 25 0
LIT 2 6 13 5 24 0
LIT 2 6 14 5 23 0
LIT 2 6 15 5 22 0
LIT 2 6 16 5 21 0
LIT 2 6 17 5 20 0
LIT 2 6 18 5 19 0
LIT 2 6 19 5 18 0
LIT 2 6 20 5 17 0
LIT 2 6 21 5 16 0
LIT 2 6 22 5 15 0
LIT 2 6 23 5 14 0
LIT 2 6 24 5 13 0
LIT 2 6 25 5 12 0
LIT 2 6 26 5 11 0
LIT 2 6 27 5 10 0
LIT 2 6 28 5 9 0
LIT 2 6 29 5 8 0
LIT 2 6 30 5 7 0
LIT 2 6 31 5 6 0
LIT 2 6 32 5 5 0
LIT 2 6 33 5 4 0
LIT 2 6 34 5 3 0
LIT 2 6 35 5 2 0
LIT 2 6 36 5 1 0
LIT 2 7 0 7 0 0
LIT 2 7 1 7 36 0
LIT 2 7 2 7 35 0
LIT 2 7 3 7 34 0
LIT 2 7 4 7 33 0
LIT 2 7 5 7 32 0
LIT 2 7 6 7 31 0
LIT 2 7 7 7 30 0
LIT 2 7 8 7 29 0
LIT 2 7 9 7 28 0
LIT 2 7 10 7 27 0
LIT 2 7 11 7 26 0
LIT 2 7 12 7 25 0
LIT 2 7 13 7 24 0
LIT 2 7 14 7 23 0
LIT 2 7 15 7 22 0
LIT 2 7 16 7 21 0
LIT 2 7 17 7 20 0
LIT 2 7 18 7 19 0
LIT 2 7 19 7 18 0
LIT 2 7 20 7 17 0
LIT 2 7 21 7 16 0
LIT 2 7 22 7 15 0
LIT 2 7 23 7 14 0
LIT 2 7 24 7 13 0
LIT 2 7 25 7 12 0
LIT 2 7 26 7 11 0
LIT 2 7 27 7 10 0
LIT 2 7 28 7 9 0
LIT 2 7 29 7 8 0
LIT 2 7 30 7 7 0
LIT 2 7 31 7 6 0
LIT 2 7 32 7 5 0
LIT 2 7 33 7 4 0
LIT 2 7 34 7 3 0
LIT 2 7 35 7 2 0
LIT 2 7 36 7 1 0
LIT 2 8 0 1 0 0
LIT 2 8 1 1 36 0
LIT 2 8 2 1 35 0
LIT 2 8 3 1 34 0
LIT 2 8 4 1 33 0
LIT 2 8 5 1 32 0
LIT 2 8 6 1 31 0
LIT 2 8 7 1 30 0
LIT 2 8 8 1 29 0
LIT 2 8 9 1 28 0
LIT 2 8 10 1 27 0
LIT 2 8 11 1 26 0
LIT 2 8 12 1 25 0
LIT 2 8 13 1 24 0
LIT 2 8 14 1 23 0
LIT 2 8 15 1 22 0
LIT 2 8 16 1 21 0
LIT 2 8 17 1 20 0
LIT 2 8 18 1 19 0
LIT 2 8 19 1 18 0
LIT 2 8 20 1 17 0
LIT 2 8 21 1 16 0
LIT 2 8 22 1 15 0
LIT 2 8 23 1 14 0
LIT 2 8 24 1 13 0
LIT 2 8 25 1 12 0
LIT 2 8 26 1 11 0
LIT 2 8 27 1 10 0
LIT 2 8 28 1 9 0
LIT 2 8 29 1 8 0
LIT 2 8 30 1 7 0
LIT 2 8 31 1 6 0
LIT 2 8 32 1 5 0
LIT 2 8 33 1 4 0
LIT 2 8 34 1 3 0
LIT 2 8 35 1 2 0
LIT 2 8 36 1 1 0
LIT 3 0 0 3 0 0
LIT 3 0 1 3 36 0
LIT 3 0 2 3 35 0
LIT 3 0 3 3 34 0
LIT 3 0 4 3 33 0
LIT 3 0 5 3 32 0
LIT 3 0 6 3 31 0
LIT 3 0 7 3 30 0
LIT 3 0 8 3 29 0
LIT 3 0 9 3 28 0
LIT 3 0 10 3 27 0
LIT 3 0 11 3 26 0
LIT 3 0 12 3 25 0
LIT 3 0 13 3 24 0
LIT 3 0 14 3 23 0
LIT 3 0 15 3 22 0
LIT 3 0 16 3 21 0
LIT 3 0 17 3 20 0
LIT 3 0 18 3 19 0
LIT 3 0 19 3 18 0
LIT 3 0 20 3 17 0
LIT 3 0 21 3 16 0
LIT 3 0 22 3 15 0
LIT 3 0 23 3 14 0
LIT 3 0 24 3 13 0
LIT 3 0 25 3 12 0
LIT 3 0 26 3 11 0
LIT 3 0 27 3 10 0
LIT 3 0 28 3 9 0
LIT 3 0 29 3 8 0
LIT 3 0 30 3 7 0
LIT 3 0 31 3 6 0
LIT 3 0 32 3 5 0
LIT 3 0 33 3 4 0
LIT 3 0 34 3 3 0
LIT 3 0 35 3 2 0
LIT 3 0 36 3 1 0
LIT 3 1 0 5 0 1
LIT 3 1 1 5 31 1
LIT 3 1 2 5 25 1
LIT 3 1 3 5 19 1
LIT 3 1 4 5 13 1
LIT 3 1 5 5 7 1
LIT 3 1 6 5 1 1
LIT 3 1 7 5 32 1
LIT 3 1 8 5 26 1
LIT 3 1 9 5 20 1
LIT 3 1 10 5 14 1
LIT 3 1 11 5 8 1
LIT 3 1 12 5 2 1
LIT 3 1 13 5 33 1
LIT 3 1 14 5 27 1
LIT 3 1 15 5 21 1
LIT 3 1 16 5 15 1
LIT 3 1 17 5 9 1
LIT 3 1 18 5 3 1
LIT 3 1 19 5 34 1
LIT 3 1 20 5 28 1
LIT 3 1 21 5 22 1
LIT 3 1 22 5 16 1
LIT 3 1 23 5 10 1
LIT 3 1 24 5 4 1
LIT 3 1 25 5 35 1
LIT 3 1 26 5 29 1
LIT 3 1 27 5 23 1
LIT 3 1 28 5 17 1
LIT 3 1 29 5 11 1
LIT 3 1 30 5 5 1
LIT 3 1 31 5 36 1
LIT 3 1 32 5 30 1
LIT 3 1 33 5 24 1
LIT 3 1 34 5 18 1
LIT 3 1 35 5 12 1
LIT 3 1 36 5 6 1
LIT 3 2 0 4 0 0
LIT 3 2 1 4 1 0
LIT 3 2 2 4 2 0
LIT 3 2 3 4 3 0
LIT 3 2 4 4 4 0
LIT 3 2 5 4 5 0
LIT 3 2 6 4 6 0
LIT 3 2 7 4 7 0
LIT 3 2 8 4 8 0
LIT 3 2 9 4 9 0
LIT 3 2 10 4 10 0
LIT 3 2 11 4 11 0
LIT 3 2 12 4 12 0
LIT 3 2 13 4 13 0
LIT 3 2 14 4 14 0
LIT 3 2 15 4 15 0
LIT 3 2 16 4 16 0
LIT 3 2 17 4 17 0
LIT 3 2 18 4 18 0
LIT 3 2 19 4 19 0
LIT 3 2 20 4 20 0
LIT 3 2 21 4 21 0
LIT 3 2 22 4 22 0
LIT 3 2 23 4 23 0
LIT 3 2 24 4 24 0
LIT 3 2 25 4 25 0
LIT 3 2 26 4 26 0
LIT 3 2 27 4 27 0
LIT 3 2 28 4 28 0
LIT 3 2 29 4 29 0
LIT 3 2 30 4 30 0
LIT 3 2 31 4 31 0
LIT 3 2 32 4 32 0
LIT 3 2 33 4 33 0
LIT 3 2 34 4 34 0
LIT 3 2 35 4 35 0
LIT 3 2 36 4 36 0
LIT 3 3 0 -1 0 0
LIT 3 3 1 8 1 0
LIT 3 3 2 8 2 0
LIT 3 3 3 8 3 0
LIT 3 3 4 8 4 0
LIT 3 3 5 8 5 0
LIT 3 3 6 8 6 0
LIT 3 3 7 8 7 0
LIT 3 3 8 8 8 0
LIT 3 3 9 8 9 0
LIT 3 3 10 8 10 0
LIT 3 3 11 8 11 0
LIT 3 3 12 8 12 0
LIT 3 3 13 8 13 0
LIT 3 3 14 8 14 0
LIT 3 3 15 8 15 0
LIT 3 3 16 8 16 0
LIT 3 3 17 8 17 0
LIT 3 3 18 8 18 0
LIT 3 3 19 8 19 0
LIT 3 3 20 8 20 0
LIT 3 3 21 8 21 0
LIT 3 3 22 8 22 0
LIT 3 3 23 8 23 0
LIT 3 3 24 8 24 0
LIT 3 3 25 8 25 0
LIT 3 3 26 8 26 0
LIT 3 3 27 8 27 0
LIT 3 3 28 8 28 0
LIT 3 3 29 8 29 0
LIT 3 3 30 8 30 0
LIT 3 3 31 8 31 0
LIT 3 3 32 8 32 0
LIT 3 3 33 8 33 0
LIT 3 3 34 8 34 0
LIT 3 3 35 8 35 0
LIT 3 3 36 8 36 0
LIT 3 4 0 9 0 0
LIT 3 4 1 9 1 0
LIT 3 4 2 9 2 0
LIT 3 4 3 9 3 0
LIT 3 4 4 9 4 0
LIT 3 4 5 9 5 0
LIT 3 4 6 9 6 0
LIT 3 4 7 9 7 0
LIT 3 4 8 9 8 0
LIT 3 4 9 9 9 0
LIT 3 4 10 9 10 0
LIT 3 4 11 9 11 0
LIT 3 4 12 9 12 0
LIT 3 4 13 9 13 0
LIT 3 4 14 9 14 0
LIT 3 4 15 9 15 0
LIT 3 4 16 9 16 0
LIT 3 4 17 9 17 0
LIT 3 4 18 9 18 0
LIT 3 4 19 9 19 0
LIT 3 4 20 9 20 0
LIT 3 4 21 9 21 0
LIT 3 4 22 9 22 0
LIT 3 4 23 9 23 0
LIT 3 4 24 9 24 0
LIT 3 4 25 9 25 0
LIT 3 4 26 9 26 0
LIT 3 4 27 9 27 0
LIT 3 4 28 9 28 0
LIT 3 4 29 9 29 0
LIT 3 4 30 9 30 0
LIT 3 4 31 9 31 0
LIT 3 4 32 9 32 0
LIT 3 4 33 9 33 0
LIT 3 4 34 9 34 0
LIT 3 4 35 9 35 0
LIT 3 4 36 9 36 0
LIT 3 5 0 10 0 0
LIT 3 5 1 10 1 0
LIT 3 5 2 10 2 0
LIT 3 5 3 10 3 0
LIT 3 5 4 10 4 0
LIT 3 5 5 10 5 0
LIT 3 5 6 10 6 0
LIT 3 5 7 10 7 0
LIT 3 5 8 10 8 0
LIT 3 5 9 10 9 0
LIT 3 5 10 10 10 0
LIT 3 5 11 10 11 0
LIT 3 5 12 10 12 0
LIT 3 5 13 10 13 0
LIT 3 5 14 10 14 0
LIT 3 5 15 10 15 0
LIT 3 5 16 10 16 0
LIT 3 5 17 10 17 0
LIT 3 5 18 10 18 0
LIT 3 5 19 10 19 0
LIT 3 5 20 10 20 0
LIT 3 5 21 10 21 0
LIT 3 5 22 10 22 0
LIT 3 5 23 10 23 0
LIT 3 5 24 10 24 0
LIT 3 5 25 10 25 0
LIT 3 5 26 10 26 0
LIT 3 5 27 10 27 0
LIT 3 5 28 10 28 0
LIT 3 5 29 10 29 0
LIT 3 5 30 10 30 0
LIT 3 5 31 10 31 0
LIT 3 5 32 10 32 0
LIT 3 5 33 10 33 0
LIT 3 5 34 10 34 0
LIT 3 5 35 10 35 0
LIT 3 5 36 10 36 0
LIT 3 6 0 10 0 1
LIT 3 6 1 10 31 1
LIT 3 6 2 10 25 1
LIT 3 6 3 10 19 1
LIT 3 6 4 10 13 1
LIT 3 6 5 10 7 1
LIT 3 6 6 10 1 1
LIT 3 6 7 10 32 1
LIT 3 6 8 10 26 1
LIT 3 6 9 10 20 1
LIT 3 6 10 10 14 1
LIT 3 6 11 10 8 1
LIT 3 6 12 10 2 1
LIT 3 6 13 10 33 1
LIT 3 6 14 10 27 1
LIT 3 6 15 10 21 1
LIT 3 6 16 10 15 1
LIT 3 6 17 10 9 1
LIT 3 6 18 10 3 1
LIT 3 6 19 10 34 1
LIT 3 6 20 10 28 1
LIT 3 6 21 10 22 1
LIT 3 6 22 10 16 1
LIT 3 6 23 10 10 1
LIT 3 6 24 10 4 1
LIT 3 6 25 10 35 1
LIT 3 6 26 10 29 1
LIT 3 6 27 10 23 1
LIT 3 6 28 10 17 1
LIT 3 6 29 10 11 1
LIT 3 6 30 10 5 1
LIT 3 6 31 10 36 1
LIT 3 6 32 10 30 1
LIT 3 6 33 10 24 1
LIT 3 6 34 10 18 1
LIT 3 6 35 10 12 1
LIT 3 6 36 10 6 1
LIT 3 7 0 11 0 0
LIT 3 7 1 11 1 0
LIT 3 7 2 11 2 0
LIT 3 7 3 11 3 0
LIT 3 7 4 11 4 0
LIT 3 7 5 11 5 0
LIT 3 7 6 11 6 0
LIT 3 7 7 11 7 0
LIT 3 7 8 11 8 0
LIT 3 7 9 11 9 0
LIT 3 7 10 11 10 0
LIT 3 7 11 11 11 0
LIT 3 7 12 11 12 0
LIT 3 7 13 11 13 0
LIT 3 7 14 11 14 0
LIT 3 7 15 11 15 0
LIT 3 7 16 11 16 0
LIT 3 7 17 11 17 0
LIT 3 7 18 11 18 0
LIT 3 7 19 11 19 0
LIT 3 7 20 11 20 0
LIT 3 7 21 11 21 0
LIT 3 7 22 11 22 0
LIT 3 7 23 11 23 0
LIT 3 7 24 11 24 0
LIT 3 7 25 11 25 0
LIT 3 7 26 11 26 0
LIT 3 7 27 11 27 0
LIT 3 7 28 11 28 0
LIT 3 7 29 11 29 0
LIT 3 7 30 11 30 0
LIT 3 7 31 11 31 0
LIT 3 7 32 11 32 0
LIT 3 7 33 11 33 0
LIT 3 7 34 11 34 0
LIT 3 7 35 11 35 0
LIT 3 7 36 11 36 0
LIT 3 8 0 6 0 1
LIT 3 8 1 6 6 1
LIT 3 8 2 6 12 1
LIT 3 8 3 6 18 1
LIT 3 8 4 6 24 1
LIT 3 8 5 6 30 1
LIT 3 8 6 6 36 1
LIT 3 8 7 6 5 1
LIT 3 8 8 6 11 1
LIT 3 8 9 6 17 1
LIT 3 8 10 6 23 1
LIT 3 8 11 6 29 1
LIT 3 8 12 6 35 1
LIT 3 8 13 6 4 1
LIT 3 8 14 6 10 1
LIT 3 8 15 6 16 1
LIT 3 8 16 6 22 1
LIT 3 8 17 6 28 1
LIT 3 8 18 6 34 1
LIT 3 8 19 6 3 1
LIT 3 8 20 6 9 1
LIT 3 8 21 6 15 1
LIT 3 8 22 6 21 1
LIT 3 8 23 6 27 1
LIT 3 8 24 6 33 1
LIT 3 8 25 6 2 1
LIT 3 8 26 6 8 1
LIT 3 8 27 6 14 1
LIT 3 8 28 6 20 1
LIT 3 8 29 6 26 1
LIT 3 8 30 6 32 1
LIT 3 8 31 6 1 1
LIT 3 8 32 6 7 1
LIT 3 8 33 6 13 1
LIT 3 8 34 6 19 1
LIT 3 8 35 6 25 1
LIT 3 8 36 6 31 1
LIT 4 0 0 4 0 0
LIT 4 0 1 4 36 0
LIT 4 0 2 4 35 0
LIT 4 0 3 4 34 0
LIT 4 0 4 4 33 0
LIT 4 0 5 4 32 0
LIT 4 0 6 4 31 0
LIT 4 0 7 4 30 0
LIT 4 0 8 4 29 0
LIT 4 0 9 4 28 0
LIT 4 0 10 4 27 0
LIT 4 0 11 4 26 0
LIT 4 0 12 4 25 0
LIT 4 0 13 4 24 0
LIT 4 0 14 4 23 0
LIT 4 0 15 4 22 0
LIT 4 0 16 4 21 0
LIT 4 0 17 4 20 0
LIT 4 0 18 4 19 0
LIT 4 0 19 4 18 0
LIT 4 0 20 4 17 0
LIT 4 0 21 4 16 0
LIT 4 0 22 4 15 0
LIT 4 0 23 4 14 0
LIT 4 0 24 4 13 0
LIT 4 0 25 4 12 0
LIT 4 0 26 4 11 0
LIT 4 0 27 4 10 0
LIT 4 0 28 4 9 0
LIT 4 0 29 4 8 0
LIT 4 0 30 4 7 0
LIT 4 0 31 4 6 0
LIT 4 0 32 4 5 0
LIT 4 0 33 4 4 0
LIT 4 0 34 4 3 0
LIT 4 0 35 4 2 0
LIT 4 0 36 4 1 0
LIT 4 1 0 6 0 1
LIT 4 1 1 6 31 1
LIT 4 1 2 6 25 1
LIT 4 1 3 6 19 1
LIT 4 1 4 6 13 1
LIT 4 1 5 6 7 1
LIT 4 1 6 6 1 1
LIT 4 1 7 6 32 1
LIT 4 1 8 6 26 1
LIT 4 1 9 6 20 1
LIT 4 1 10 6 14 1
LIT 4 1 11 6 8 1
LIT 4 1 12 6 2 1
LIT 4 1 13 6 33 1
LIT 4 1 14 6 27 1
LIT 4 1 15 6 21 1
LIT 4 1 16 6 15 1
LIT 4 1 17 6 9 1
LIT 4 1 18 6 3 1
LIT 4 1 19 6 34 1
LIT 4 1 20 6 28 1
LIT 4 1 21 6 22 1
LIT 4 1 22 6 16 1
LIT 4 1 23 6 10 1
LIT 4 1 24 6 4 1
LIT 4 1 25 6 35 1
LIT 4 1 26 6 29 1
LIT 4 1 27 6 23 1
LIT 4 1 28 6 17 1
LIT 4 1 29 6 11 1
LIT 4 1 30 6 5 1
LIT 4 1 31 6 36 1
LIT 4 1 32 6 30 1
LIT 4 1 33 6 24 1
LIT 4 1 34 6 18 1
LIT 4 1 35 6 12 1
LIT 4 1 36 6 6 1
LIT 4 2 0 3 0 0
LIT 4 2 1 3 1 0
LIT 4 2 2 3 2 0
LIT 4 2 3 3 3 0
LIT 4 2 4 3 4 0
LIT 4 2 5 3 5 0
LIT 4 2 6 3 6 0
LIT 4 2 7 3 7 0
LIT 4 2 8 3 8 0
LIT 4 2 9 3 9 0
LIT 4 2 10 3 10 0
LIT 4 2 11 3 11 0
LIT 4 2 12 3 12 0
LIT 4 2 13 3 13 0
LIT 4 2 14 3 14 0
LIT 4 2 15 3 15 0
LIT 4 2 16 3 16 0
LIT 4 2 17 3 17 0
LIT 4 2 18 3 18 0
LIT 4 2 19 3 19 0
LIT 4 2 20 3 20 0
LIT 4 2 21 3 21 0
LIT 4 2 22 3 22 0
LIT 4 2 23 3 23 0
LIT 4 2 24 3 24 0
LIT 4 2 25 3 25 0
LIT 4 2 26 3 26 0
LIT 4 2 27 3 27 0
LIT 4 2 28 3 28 0
LIT 4 2 29 3 29 0
LIT 4 2 30 3 30 0
LIT 4 2 31 3 31 0
LIT 4 2 32 3 32 0
LIT 4 2 33 3 33 0
LIT 4 2 34 3 34 0
LIT 4 2 35 3 35 0
LIT 4 2 36 3 36 0
LIT 4 3 0 9 0 0
LIT 4 3 1 9 36 0
LIT 4 3 2 9 35 0
LIT 4 3 3 9 34 0
LIT 4 3 4 9 33 0
LIT 4 3 5 9 32 0
LIT 4 3 6 9 31 0
LIT 4 3 7 9 30 0
LIT 4 3 8 9 29 0
LIT 4 3 9 9 28 0
LIT 4 3 10 9 27 0
LIT 4 3 11 9 26 0
LIT 4 3 12 9 25 0
LIT 4 3 13 9 24 0
LIT 4 3 14 9 23 0
LIT 4 3 15 9 22 0
LIT 4 3 16 9 21 0
LIT 4 3 17 9 20 0
LIT 4 3 18 9 19 0
LIT 4 3 19 9 18 0
LIT 4 3 20 9 17 0
LIT 4 3 21 9 16 0
LIT 4 3 22 9 15 0
LIT 4 3 23 9 14 0
LIT 4 3 24 9 13 0
LIT 4 3 25 9 12 0
LIT 4 3 26 9 11 0
LIT 4 3 27 9 10 0
LIT 4 3 28 9 9 0
LIT 4 3 29 9 8 0
LIT 4 3 30 9 7 0
LIT 4 3 31 9 6 0
LIT 4 3 32 9 5 0
LIT 4 3 33 9 4 0
LIT 4 3 34 9 3 0
LIT 4 3 35 9 2 0
LIT 4 3 36 9 1 0
LIT 4 4 0 -1 0 0
LIT 4 4 1 8 36 0
LIT 4 4 2 8 35 0
LIT 4 4 3 8 34 0
LIT 4 4 4 8 33 0
LIT 4 4 5 8 32 0
LIT 4 4 6 8 31 0
LIT 4 4 7 8 30 0
LIT 4 4 8 8 29 0
LIT 4 4 9 8 28 0
LIT 4 4 10 8 27 0
LIT 4 4 11 8 26 0
LIT 4 4 12 8 25 0
LIT 4 4 13 8 24 0
LIT 4 4 14 8 23 0
LIT 4 4 15 8 22 0
LIT 4 4 16 8 21 0
LIT 4 4 17 8 20 0
LIT 4 4 18 8 19 0
LIT 4 4 19 8 18 0
LIT 4 4 20 8 17 0
LIT 4 4 21 8 16 0
LIT 4 4 22 8 15 0
LIT 4 4 23 8 14 0
LIT 4 4 24 8 13 0
LIT 4 4 25 8 12 0
LIT 4 4 26 8 11 0
LIT 4 4 27 8 10 0
LIT 4 4 28 8 9 0
LIT 4 4 29 8 8 0
LIT 4 4 30 8 7 0
LIT 4 4 31 8 6 0
LIT 4 4 32 8 5 0
LIT 4 4 33 8 4 0
LIT 4 4 34 8 3 0
LIT 4 4 35 8 2 0
LIT 4 4 36 8 1 0
LIT 4 5 0 10 0 1
LIT 4 5 1 10 6 1
LIT 4 5 2 10 12 1
LIT 4 5 3 10 18 1
LIT 4 5 4 10 24 1
LIT 4 5 5 10 30 1
LIT 4 5 6 10 36 1
LIT 4 5 7 10 5 1
LIT 4 5 8 10 11 1
LIT 4 5 9 10 17 1
LIT 4 5 10 10 23 1
LIT 4 5 11 10 29 1
LIT 4 5 12 10 35 1
LIT 4 5 13 10 4 1
LIT 4 5 14 10 10 1
LIT 4 5 15 10 16 1
LIT 4 5 16 10 22 1
LIT 4 5 17 10 28 1
LIT 4 5 18 10 34 1
LIT 4 5 19 10 3 1
LIT 4 5 20 10 9 1
LIT 4 5 21 10 15 1
LIT 4 5 22 10 21 1
LIT 4 5 23 10 27 1
LIT 4 5 24 10 33 1
LIT 4 5 25 10 2 1
LIT 4 5 26 10 8 1
LIT 4 5 27 10 14 1
LIT 4 5 28 10 20 1
LIT 4 5 29 10 26 1
LIT 4 5 30 10 32 1
LIT 4 5 31 10 1 1
LIT 4 5 32 10 7 1
LIT 4 5 33 10 13 1
LIT 4 5 34 10 19 1
LIT 4 5 35 10 25 1
LIT 4 5 36 10 31 1
LIT 4 6 0 10 0 0
LIT 4 6 1 10 36 0
LIT 4 6 2 10 35 0
LIT 4 6 3 10 34 0
LIT 4 6 4 10 33 0
LIT 4 6 5 10 32 0
LIT 4 6 6 10 31 0
LIT 4 6 7 10 30 0
LIT 4 6 8 10 29 0
LIT 4 6 9 10 28 0
LIT 4 6 10 10 27 0
LIT 4 6 11 10 26 0
LIT 4 6 12 10 25 0
LIT 4 6 13 10 24 0
LIT 4 6 14 10 23 0
LIT 4 6 15 10 22 0
LIT 4 6 16 10 21 0
LIT 4 6 17 10 20 0
LIT 4 6 18 10 19 0
LIT 4 6 19 10 18 0
LIT 4 6 20 10 17 0
LIT 4 6 21 10 16 0
LIT 4 6 22 10 15 0
LIT 4 6 23 10 14 0
LIT 4 6 24 10 13 0
LIT 4 6 25 10 12 0
LIT 4 6 26 10 11 0
LIT 4 6 27 10 10 0
LIT 4 6 28 10 9 0
LIT 4 6 29 10 8 0
LIT 4 6 30 10 7 0
LIT 4 6 31 10 6 0
LIT 4 6 32 10 5 0
LIT 4 6 33 10 4 0
LIT 4 6 34 10 3 0
LIT 4 6 35 10 2 0
LIT 4 6 36 10 1 0
LIT 4 7 0 11 0 0
LIT 4 7 1 11 36 0
LIT 4 7 2 11 35 0
LIT 4 7 3 11 34 0
LIT 4 7 4 11 33 0
LIT 4 7 5 11 32 0
LIT 4 7 6 11 31 0
LIT 4 7 7 11 30 0
LIT 4 7 8 11 29 0
LIT 4 7 9 11 28 0
LIT 4 7 10 11 27 0
LIT 4 7 11 11 26 0
LIT 4 7 12 11 25 0
LIT 4 7 13 11 24 0
LIT 4 7 14 11 23 0
LIT 4 7 15 11 22 0
LIT 4 7 16 11 21 0
LIT 4 7 17 11 20 0
LIT 4 7 18 11 19 0
LIT 4 7 19 11 18 0
LIT 4 7 20 11 17 0
LIT 4 7 21 11 16 0
LIT 4 7 22 11 15 0
LIT 4 7 23 11 14 0
LIT 4 7 24 11 13 0
LIT 4 7 25 11 12 0
LIT 4 7 26 11 11 0
LIT 4 7 27 11 10 0
LIT 4 7 28 11 9 0
LIT 4 7 29 11 8 0
LIT 4 7 30 11 7 0
LIT 4 7 31 11 6 0
LIT 4 7 32 11 5 0
LIT 4 7 33 11 4 0
LIT 4 7 34 11 3 0
LIT 4 7 35 11 2 0
LIT 4 7 36 11 1 0
LIT 4 8 0 5 0 1
LIT 4 8 1 5 6 1
LIT 4 8 2 5 12 1
LIT 4 8 3 5 18 1
LIT 4 8 4 5 24 1
LIT 4 8 5 5 30 1
LIT 4 8 6 5 36 1
LIT 4 8 7 5 5 1
LIT 4 8 8 5 11 1
LIT 4 8 9 5 17 1
LIT 4 8 10 5 23 1
LIT 4 8 11 5 29 1
LIT 4 8 12 5 35 1
LIT 4 8 13 5 4 1
LIT 4 8 14 5 10 1
LIT 4 8 15 5 16 1
LIT 4 8 16 5 22 1
LIT 4 8 17 5 28 1
LIT 4 8 18 5 34 1
LIT 4 8 19 5 3 1
LIT 4 8 20 5 9 1
LIT 4 8 21 5 15 1
LIT 4 8 22 5 21 1
LIT 4 8 23 5 27 1
LIT 4 8 24 5 33 1
LIT 4 8 25 5 2 1
LIT 4 8 26 5 8 1
LIT 4 8 27 5 14 1
LIT 4 8 28 5 20 1
LIT 4 8 29 5 26 1
LIT 4 8 30 5 32 1
LIT 4 8 31 5 1 1
LIT 4 8 32 5 7 1
LIT 4 8 33 5 13 1
LIT 4 8 34 5 19 1
LIT 4 8 35 5 25 1
LIT 4 8 36 5 31 1
LIT 5 0 0 5 0 0
LIT 5 0 1 5 36 0
LIT 5 0 2 5 35 0
LIT 5 0 3 5 34 0
LIT 5 0 4 5 33 0
LIT 5 0 5 5 32 0
LIT 5 0 6 5 31 0
LIT 5 0 7 5 30 0
LIT 5 0 8 5 29 0
LIT 5 0 9 5 28 0
LIT 5 0 10 5 27 0
LIT 5 0 11 5 26 0
LIT 5 0 12 5 25 0
LIT 5 0 13 5 24 0
LIT 5 0 14 5 23 0
LIT 5 0 15 5 22 0
LIT 5 0 16 5 21 0
LIT 5 0 17 5 20 0
LIT 5 0 18 5 19 0
LIT 5 0 19 5 18 0
LIT 5 0 20 5 17 0
LIT 5 0 21 5 16 0
LIT 5 0 22 5 15 0
LIT 5 0 23 5 14 0
LIT 5 0 24 5 13 0
LIT 5 0 25 5 12 0
LIT 5 0 26 5 11 0
LIT 5 0 27 5 10 0
LIT 5 0 28 5 9 0
LIT 5 0 29 5 8 0
LIT 5 0 30 5 7 0
LIT 5 0 31 5 6 0
LIT 5 0 32 5 5 0
LIT 5 0 33 5 4 0
LIT 5 0 34 5 3 0
LIT 5 0 35 5 2 0
LIT 5 0 36 5 1 0
LIT 5 1 0 4 0 1
LIT 5 1 1 4 31 1
LIT 5 1 2 4 25 1
LIT 5 1 3 4 19 1
LIT 5 1 4 4 13 1
LIT 5 1 5 4 7 1
LIT 5 1 6 4 1 1
LIT 5 1 7 4 32 1
LIT 5 1 8 4 26 1
LIT 5 1 9 4 20 1
LIT 5 1 10 4 14 1
LIT 5 1 11 4 8 1
LIT 5 1 12 4 2 1
LIT 5 1 13 4 33 1
LIT 5 1 14 4 27 1
LIT 5 1 15 4 21 1
LIT 5 1 16 4 15 1
LIT 5 1 17 4 9 1
LIT 5 1 18 4 3 1
LIT 5 1 19 4 34 1
LIT 5 1 20 4 28 1
LIT 5 1 21 4 22 1
LIT 5 1 22 4 16 1
LIT 5 1 23 4 10 1
LIT 5 1 24 4 4 1
LIT 5 1 25 4 35 1
LIT 5 1 26 4 29 1
LIT 5 1 27 4 23 1
LIT 5 1 28 4 17 1
LIT 5 1 29 4 11 1
LIT 5 1 30 4 5 1
LIT 5 1 31 4 36 1
LIT 5 1 32 4 30 1
LIT 5 1 33 4 24 1
LIT 5 1 34 4 18 1
LIT 5 1 35 4 12 1
LIT 5 1 36 4 6 1
LIT 5 2 0 6 0 0
LIT 5 2 1 6 1 0
LIT 5 2 2 6 2 0
LIT 5 2 3 6 3 0
LIT 5 2 4 6 4 0
LIT 5 2 5 6 5 0
LIT 5 2 6 6 6 0
LIT 5 2 7 6 7 0
LIT 5 2 8 6 8 0
LIT 5 2 9 6 9 0
LIT 5 2 10 6 10 0
LIT 5 2 11 6 11 0
LIT 5 2 12 6 12 0
LIT 5 2 13 6 13 0
LIT 5 2 14 6 14 0
LIT 5 2 15 6 15 0
LIT 5 2 16 6 16 0
LIT 5 2 17 6 17 0
LIT 5 2 18 6 18 0
LIT 5 2 19 6 19 0
LIT 5 2 20 6 20 0
LIT 5 2 21 6 21 0
LIT 5 2 22 6 22 0
LIT 5 2 23 6 23 0
LIT 5 2 24 6 24 0
LIT 5 2 25 6 25 0
LIT 5 2 26 6 26 0
LIT 5 2 27 6 27 0
LIT 5 2 28 6 28 0
LIT 5 2 29 6 29 0
LIT 5 2 30 6 30 0
LIT 5 2 31 6 31 0
LIT 5 2 32 6 32 0
LIT 5 2 33 6 33 0
LIT 5 2 34 6 34 0
LIT 5 2 35 6 35 0
LIT 5 2 36 6 36 0
LIT 5 3 0 10 0 0
LIT 5 3 1 10 36 0
LIT 5 3 2 10 35 0
LIT 5 3 3 10 34 0
LIT 5 3 4 10 33 0
LIT 5 3 5 10 32 0
LIT 5 3 6 10 31 0
LIT 5 3 7 10 30 0
LIT 5 3 8 10 29 0
LIT 5 3 9 10 28 0
LIT 5 3 10 10 27 0
LIT 5 3 11 10 26 0
LIT 5 3 12 10 25 0
LIT 5 3 13 10 24 0
LIT 5 3 14 10 23 0
LIT 5 3 15 10 22 0
LIT 5 3 16 10 21 0
LIT 5 3 17 10 20 0
LIT 5 3 18 10 19 0
LIT 5 3 19 10 18 0
LIT 5 3 20 10 17 0
LIT 5 3 21 10 16 0
LIT 5 3 22 10 15 0
LIT 5 3 23 10 14 0
LIT 5 3 24 10 13 0
LIT 5 3 25 10 12 0
LIT 5 3 26 10 11 0
LIT 5 3 27 10 10 0
LIT 5 3 28 10 9 0
LIT 5 3 29 10 8 0
LIT 5 3 30 10 7 0
LIT 5 3 31 10 6 0
LIT 5 3 32 10 5 0
LIT 5 3 33 10 4 0
LIT 5 3 34 10 3 0
LIT 5 3 35 10 2 0
LIT 5 3 36 10 1 0
LIT 5 4 0 10 0 1
LIT 5 4 1 10 31 1
LIT 5 4 2 10 25 1
LIT 5 4 3 10 19 1
LIT 5 4 4 10 13 1
LIT 5 4 5 10 7 1
LIT 5 4 6 10 1 1
LIT 5 4 7 10 32 1
LIT 5 4 8 10 26 1
LIT 5 4 9 10 20 1
LIT 5 4 10 10 14 1
LIT 5 4 11 10 8 1
LIT 5 4 12 10 2 1
LIT 5 4 13 10 33 1
LIT 5 4 14 10 27 1
LIT 5 4 15 10 21 1
LIT 5 4 16 10 15 1
LIT 5 4 17 10 9 1
LIT 5 4 18 10 3 1
LIT 5 4 19 10 34 1
LIT 5 4 20 10 28 1
LIT 5 4 21 10 22 1
LIT 5 4 22 10 16 1
LIT 5 4 23 10 10 1
LIT 5 4 24 10 4 1
LIT 5 4 25 10 35 1
LIT 5 4 26 10 29 1
LIT 5 4 27 10 23 1
LIT 5 4 28 10 17 1
LIT 5 4 29 10 11 1
LIT 5 4 30 10 5 1
LIT 5 4 31 10 36 1
LIT 5 4 32 10 30 1
LIT 5 4 33 10 24 1
LIT 5 4 34 10 18 1
LIT 5 4 35 10 12 1
LIT 5 4 36 10 6 1
LIT 5 5 0 -1 0 0
LIT 5 5 1 8 31 1
LIT 5 5 2 8 25 1
LIT 5 5 3 8 19 1
LIT 5 5 4 8 13 1
LIT 5 5 5 8 7 1
LIT 5 5 6 8 1 1
LIT 5 5 7 8 32 1
LIT 5 5 8 8 26 1
LIT 5 5 9 8 20 1
LIT 5 5 10 8 14 1
LIT 5 5 11 8 8 1
LIT 5 5 12 8 2 1
LIT 5 5 13 8 33 1
LIT 5 5 14 8 27 1
LIT 5 5 15 8 21 1
LIT 5 5 16 8 15 1
LIT 5 5 17 8 9 1
LIT 5 5 18 8 3 1
LIT 5 5 19 8 34 1
LIT 5 5 20 8 28 1
LIT 5 5 21 8 22 1
LIT 5 5 22 8 16 1
LIT 5 5 23 8 10 1
LIT 5 5 24 8 4 1
LIT 5 5 25 8 35 1
LIT 5 5 26 8 29 1
LIT 5 5 27 8 23 1
LIT 5 5 28 8 17 1
LIT 5 5 29 8 11 1
LIT 5 5 30 8 5 1
LIT 5 5 31 8 36 1
LIT 5 5 32 8 30 1
LIT 5 5 33 8 24 1
LIT 5 5 34 8 18 1
LIT 5 5 35 8 12 1
LIT 5 5 36 8 6 1
LIT 5 6 0 9 0 1
LIT 5 6 1 9 31 1
LIT 5 6 2 9 25 1
LIT 5 6 3 9 19 1
LIT 5 6 4 9 13 1
LIT 5 6 5 9 7 1
LIT 5 6 6 9 1 1
LIT 5 6 7 9 32 1
LIT 5 6 8 9 26 1
LIT 5 6 9 9 20 1
LIT 5 6 10 9 14 1
LIT 5 6 11 9 8 1
LIT 5 6 12 9 2 1
LIT 5 6 13 9 33 1
LIT 5 6 14 9 27 1
LIT 5 6 15 9 21 1
LIT 5 6 16 9 15 1
LIT 5 6 17 9 9 1
LIT 5 6 18 9 3 1
LIT 5 6 19 9 34 1
LIT 5 6 20 9 28 1
LIT 5 6 21 9 22 1
LIT 5 6 22 9 16 1
LIT 5 6 23 9 10 1
LIT 5 6 24 9 4 1
LIT 5 6 25 9 35 1
LIT 5 6 26 9 29 1
LIT 5 6 27 9 23 1
LIT 5 6 28 9 17 1
LIT 5 6 29 9 11 1
LIT 5 6 30 9 5 1
LIT 5 6 31 9 36 1
LIT 5 6 32 9 30 1
LIT 5 6 33 9 24 1
LIT 5 6 34 9 18 1
LIT 5 6 35 9 12 1
LIT 5 6 36 9 6 1
LIT 5 7 0 11 0 1
LIT 5 7 1 11 31 1
LIT 5 7 2 11 25 1
LIT 5 7 3 11 19 1
LIT 5 7 4 11 13 1
LIT 5 7 5 11 7 1
LIT 5 7 6 11 1 1
LIT 5 7 7 11 32 1
LIT 5 7 8 11 26 1
LIT 5 7 9 11 20 1
LIT 5 7 10 11 14 1
LIT 5 7 11 11 8 1
LIT 5 7 12 11 2 1
LIT 5 7 13 11 33 1
LIT 5 7 14 11 27 1
LIT 5 7 15 11 21 1
LIT 5 7 16 11 15 1
LIT 5 7 17 11 9 1
LIT 5 7 18 11 3 1
LIT 5 7 19 11 34 1
LIT 5 7 20 11 28 1
LIT 5 7 21 11 22 1
LIT 5 7 22 11 16 1
LIT 5 7 23 11 10 1
LIT 5 7 24 11 4 1
LIT 5 7 25 11 35 1
LIT 5 7 26 11 29 1
LIT 5 7 27 11 23 1
LIT 5 7 28 11 17 1
LIT 5 7 29 11 11 1
LIT 5 7 30 11 5 1
LIT 5 7 31 11 36 1
LIT 5 7 32 11 30 1
LIT 5 7 33 11 24 1
LIT 5 7 34 11 18 1
LIT 5 7 35 11 12 1
LIT 5 7 36 11 6 1
LIT 5 8 0 3 0 1
LIT 5 8 1 3 6 1
LIT 5 8 2 3 12 1
LIT 5 8 3 3 18 1
LIT 5 8 4 3 24 1
LIT 5 8 5 3 30 1
LIT 5 8 6 3 36 1
LIT 5 8 7 3 5 1
LIT 5 8 8 3 11 1
LIT 5 8 9 3 17 1
LIT 5 8 10 3 23 1
LIT 5 8 11 3 29 1
LIT 5 8 12 3 35 1
LIT 5 8 13 3 4 1
LIT 5 8 14 3 10 1
LIT 5 8 15 3 16 1
LIT 5 8 16 3 22 1
LIT 5 8 17 3 28 1
LIT 5 8 18 3 34 1
LIT 5 8 19 3 3 1
LIT 5 8 20 3 9 1
LIT 5 8 21 3 15 1
LIT 5 8 22 3 21 1
LIT 5 8 23 3 27 1
LIT 5 8 24 3 33 1
LIT 5 8 25 3 2 1
LIT 5 8 26 3 8 1
LIT 5 8 27 3 14 1
LIT 5 8 28 3 20 1
LIT 5 8 29 3 26 1
LIT 5 8 30 3 32 1
LIT 5 8 31 3 1 1
LIT 5 8 32 3 7 1
LIT 5 8 33 3 13 1
LIT 5 8 34 3 19 1
LIT 5 8 35 3 25 1
LIT 5 8 36 3 31 1
LIT 6 0 0 6 0 0
LIT 6 0 1 6 36 0
LIT 6 0 2 6 35 0
LIT 6 0 3 6 34 0
LIT 6 0 4 6 33 0
LIT 6 0 5 6 32 0
LIT 6 0 6 6 31 0
LIT 6 0 7 6 30 0
LIT 6 0 8 6 29 0
LIT 6 0 9 6 28 0
LIT 6 0 10 6 27 0
LIT 6 0 11 6 26 0
LIT 6 0 12 6 25 0
LIT 6 0 13 6 24 0
LIT 6 0 14 6 23 0
LIT 6 0 15 6 22 0
LIT 6 0 16 6 21 0
LIT 6 0 17 6 20 0
LIT 6 0 18 6 19 0
LIT 6 0 19 6 18 0
LIT 6 0 20 6 17 0
LIT 6 0 21 6 16 0
LIT 6 0 22 6 15 0
LIT 6 0 23 6 14 0
LIT 6 0 24 6 13 0
LIT 6 0 25 6 12 0
LIT 6 0 26 6 11 0
LIT 6 0 27 6 10 0
LIT 6 0 28 6 9 0
LIT 6 0 29 6 8 0
LIT 6 0 30 6 7 0
LIT 6 0 31 6 6 0
LIT 6 0 32 6 5 0
LIT 6 0 33 6 4 0
LIT 6 0 34 6 3 0
LIT 6 0 35 6 2 0
LIT 6 0 36 6 1 0
LIT 6 1 0 3 0 1
LIT 6 1 1 3 31 1
LIT 6 1 2 3 25 1
LIT 6 1 3 3 19 1
LIT 6 1 4 3 13 1
LIT 6 1 5 3 7 1
LIT 6 1 6 3 1 1
LIT 6 1 7 3 32 1
LIT 6 1 8 3 26 1
LIT 6 1 9 3 20 1
LIT 6 1 10 3 14 1
LIT 6 1 11 3 8 1
LIT 6 1 12 3 2 1
LIT 6 1 13 3 33 1
LIT 6 1 14 3 27 1
LIT 6 1 15 3 21 1
LIT 6 1 16 3 15 1
LIT 6 1 17 3 9 1
LIT 6 1 18 3 3 1
LIT 6 1 19 3 34 1
LIT 6 1 20 3 28 1
LIT 6 1 21 3 22 1
LIT 6 1 22 3 16 1
LIT 6 1 23 3 10 1
LIT 6 1 24 3 4 1
LIT 6 1 25 3 35 1
LIT 6 1 26 3 29 1
LIT 6 1 27 3 23 1
LIT 6 1 28 3 17 1
LIT 6 1 29 3 11 1
LIT 6 1 30 3 5 1
LIT 6 1 31 3 36 1
LIT 6 1 32 3 30 1
LIT 6 1 33 3 24 1
LIT 6 1 34 3 18 1
LIT 6 1 35 3 12 1
LIT 6 1 36 3 6 1
LIT 6 2 0 5 0 0
LIT 6 2 1 5 1 0
LIT 6 2 2 5 2 0
LIT 6 2 3 5 3 0
LIT 6 2 4 5 4 0
LIT 6 2 5 5 5 0
LIT 6 2 6 5 6 0
LIT 6 2 7 5 7 0
LIT 6 2 8 5 8 0
LIT 6 2 9 5 9 0
LIT 6 2 10 5 10 0
LIT 6 2 11 5 11 0
LIT 6 2 12 5 12 0
LIT 6 2 13 5 13 0
LIT 6 2 14 5 14 0
LIT 6 2 15 5 15 0
LIT 6 2 16 5 16 0
LIT 6 2 17 5 17 0
LIT 6 2 18 5 18 0
LIT 6 2 19 5 19 0
LIT 6 2 20 5 20 0
LIT 6 2 21 5 21 0
LIT 6 2 22 5 22 0
LIT 6 2 23 5 23 0
LIT 6 2 24 5 24 0
LIT 6 2 25 5 25 0
LIT 6 2 26 5 26 0
LIT 6 2 27 5 27 0
LIT 6 2 28 5 28 0
LIT 6 2 29 5 29 0
LIT 6 2 30 5 30 0
LIT 6 2 31 5 31 0
LIT 6 2 32 5 32 0
LIT 6 2 33 5 33 0
LIT 6 2 34 5 34 0
LIT 6 2 35 5 35 0
LIT 6 2 36 5 36 0
LIT 6 3 0 10 0 1
LIT 6 3 1 10 6 1
LIT 6 3 2 10 12 1
LIT 6 3 3 10 18 1
LIT 6 3 4 10 24 1
LIT 6 3 5 10 30 1
LIT 6 3 6 10 36 1
LIT 6 3 7 10 5 1
LIT 6 3 8 10 11 1
LIT 6 3 9 10 17 1
LIT 6 3 10 10 23 1
LIT 6 3 11 10 29 1
LIT 6 3 12 10 35 1
LIT 6 3 13 10 4 1
LIT 6 3 14 10 10 1
LIT 6 3 15 10 16 1
LIT 6 3 16 10 22 1
LIT 6 3 17 10 28 1
LIT 6 3 18 10 34 1
LIT 6 3 19 10 3 1
LIT 6 3 20 10 9 1
LIT 6 3 21 10 15 1
LIT 6 3 22 10 21 1
LIT 6 3 23 10 27 1
LIT 6 3 24 10 33 1
LIT 6 3 25 10 2 1
LIT 6 3 26 10 8 1
LIT 6 3 27 10 14 1
LIT 6 3 28 10 20 1
LIT 6 3 29 10 26 1
LIT 6 3 30 10 32 1
LIT 6 3 31 10 1 1
LIT 6 3 32 10 7 1
LIT 6 3 33 10 13 1
LIT 6 3 34 10 19 1
LIT 6 3 35 10 25 1
LIT 6 3 36 10 31 1
LIT 6 4 0 10 0 0
LIT 6 4 1 10 1 0
LIT 6 4 2 10 2 0
LIT 6 4 3 10 3 0
LIT 6 4 4 10 4 0
LIT 6 4 5 10 5 0
LIT 6 4 6 10 6 0
LIT 6 4 7 10 7 0
LIT 6 4 8 10 8 0
LIT 6 4 9 10 9 0
LIT 6 4 10 10 10 0
LIT 6 4 11 10 11 0
LIT 6 4 12 10 12 0
LIT 6 4 13 10 13 0
LIT 6 4 14 10 14 0
LIT 6 4 15 10 15 0
LIT 6 4 16 10 16 0
LIT 6 4 17 10 17 0
LIT 6 4 18 10 18 0
LIT 6 4 19 10 19 0
LIT 6 4 20 10 20 0
LIT 6 4 21 10 21 0
LIT 6 4 22 10 22 0
LIT 6 4 23 10 23 0
LIT 6 4 24 10 24 0
LIT 6 4 25 10 25 0
LIT 6 4 26 10 26 0
LIT 6 4 27 10 27 0
LIT 6 4 28 10 28 0
LIT 6 4 29 10 29 0
LIT 6 4 30 10 30 0
LIT 6 4 31 10 31 0
LIT 6 4 32 10 32 0
LIT 6 4 33 10 33 0
LIT 6 4 34 10 34 0
LIT 6 4 35 10 35 0
LIT 6 4 36 10 36 0
LIT 6 5 0 9 0 1
LIT 6 5 1 9 6 1
LIT 6 5 2 9 12 1
LIT 6 5 3 9 18 1
LIT 6 5 4 9 24 1
LIT 6 5 5 9 30 1
LIT 6 5 6 9 36 1
LIT 6 5 7 9 5 1
LIT 6 5 8 9 11 1
LIT 6 5 9 9 17 1
LIT 6 5 10 9 23 1
LIT 6 5 11 9 29 1
LIT 6 5 12 9 35 1
LIT 6 5 13 9 4 1
LIT 6 5 14 9 10 1
LIT 6 5 15 9 16 1
LIT 6 5 16 9 22 1
LIT 6 5 17 9 28 1
LIT 6 5 18 9 34 1
LIT 6 5 19 9 3 1
LIT 6 5 20 9 9 1
LIT 6 5 21 9 15 1
LIT 6 5 22 9 21 1
LIT 6 5 23 9 27 1
LIT 6 5 24 9 33 1
LIT 6 5 25 9 2 1
LIT 6 5 26 9 8 1
LIT 6 5 27 9 14 1
LIT 6 5 28 9 20 1
LIT 6 5 29 9 26 1
LIT 6 5 30 9 32 1
LIT 6 5 31 9 1 1
LIT 6 5 32 9 7 1
LIT 6 5 33 9 13 1
LIT 6 5 34 9 19 1
LIT 6 5 35 9 25 1
LIT 6 5 36 9 31 1
LIT 6 6 0 -1 0 0
LIT 6 6 1 8 6 1
LIT 6 6 2 8 12 1
LIT 6 6 3 8 18 1
LIT 6 6 4 8 24 1
LIT 6 6 5 8 30 1
LIT 6 6 6 8 36 1
LIT 6 6 7 8 5 1
LIT 6 6 8 8 11 1
LIT 6 6 9 8 17 1
LIT 6 6 10 8 23 1
LIT 6 6 11 8 29 1
LIT 6 6 12 8 35 1
LIT 6 6 13 8 4 1
LIT 6 6 14 8 10 1
LIT 6 6 15 8 16 1
LIT 6 6 16 8 22 1
LIT 6 6 17 8 28 1
LIT 6 6 18 8 34 1
LIT 6 6 19 8 3 1
LIT 6 6 20 8 9 1
LIT 6 6 21 8 15 1
LIT 6 6 22 8 21 1
LIT 6 6 23 8 27 1
LIT 6 6 24 8 33 1
LIT 6 6 25 8 2 1
LIT 6 6 26 8 8 1
LIT 6 6 27 8 14 1
LIT 6 6 28 8 20 1
LIT 6 6 29 8 26 1
LIT 6 6 30 8 32 1
LIT 6 6 31 8 1 1
LIT 6 6 32 8 7 1
LIT 6 6 33 8 13 1
LIT 6 6 34 8 19 1
LIT 6 6 35 8 25 1
LIT 6 6 36 8 31 1
LIT 6 7 0 11 0 1
LIT 6 7 1 11 6 1
LIT 6 7 2 11 12 1
LIT 6 7 3 11 18 1
LIT 6 7 4 11 24 1
LIT 6 7 5 11 30 1
LIT 6 7 6 11 36 1
LIT 6 7 7 11 5 1
LIT 6 7 8 11 11 1
LIT 6 7 9 11 17 1
LIT 6 7 10 11 23 1
LIT 6 7 11 11 29 1
LIT 6 7 12 11 35 1
LIT 6 7 13 11 4 1
LIT 6 7 14 11 10 1
LIT 6 7 15 11 16 1
LIT 6 7 16 11 22 1
LIT 6 7 17 11 28 1
LIT 6 7 18 11 34 1
LIT 6 7 19 11 3 1
LIT 6 7 20 11 9 1
LIT 6 7 21 11 15 1
LIT 6 7 22 11 21 1
LIT 6 7 23 11 27 1
LIT 6 7 24 11 33 1
LIT 6 7 25 11 2 1
LIT 6 7 26 11 8 1
LIT 6 7 27 11 14 1
LIT 6 7 28 11 20 1
LIT 6 7 29 11 26 1
LIT 6 7 30 11 32 1
LIT 6 7 31 11 1 1
LIT 6 7 32 11 7 1
LIT 6 7 33 11 13 1
LIT 6 7 34 11 19 1
LIT 6 7 35 11 25 1
LIT 6 7 36 11 31 1
LIT 6 8 0 4 0 1
LIT 6 8 1 4 6 1
LIT 6 8 2 4 12 1
LIT 6 8 3 4 18 1
LIT 6 8 4 4 24 1
LIT 6 8 5 4 30 1
LIT 6 8 6 4 36 1
LIT 6 8 7 4 5 1
LIT 6 8 8 4 11 1
LIT 6 8 9 4 17 1
LIT 6 8 10 4 23 1
LIT 6 8 11 4 29 1
LIT 6 8 12 4 35 1
LIT 6 8 13 4 4 1
LIT 6 8 14 4 10 1
LIT 6 8 15 4 16 1
LIT 6 8 16 4 22 1
LIT 6 8 17 4 28 1
LIT 6 8 18 4 34 1
LIT 6 8 19 4 3 1
LIT 6 8 20 4 9 1
LIT 6 8 21 4 15 1
LIT 6 8 22 4 21 1
LIT 6 8 23 4 27 1
LIT 6 8 24 4 33 1
LIT 6 8 25 4 2 1
LIT 6 8 26 4 8 1
LIT 6 8 27 4 14 1
LIT 6 8 28 4 20 1
LIT 6 8 29 4 26 1
LIT 6 8 30 4 32 1
LIT 6 8 31 4 1 1
LIT 6 8 32 4 7 1
LIT 6 8 33 4 13 1
LIT 6 8 34 4 19 1
LIT 6 8 35 4 25 1
LIT 6 8 36 4 31 1
LIT 7 0 0 7 0 0
LIT 7 0 1 7 36 0
LIT 7 0 2 7 35 0
LIT 7 0 3 7 34 0
LIT 7 0 4 7 33 0
LIT 7 0 5 7 32 0
LIT 7 0 6 7 31 0
LIT 7 0 7 7 30 0
LIT 7 0 8 7 29 0
LIT 7 0 9 7 28 0
LIT 7 0 10 7 27 0
LIT 7 0 11 7 26 0
LIT 7 0 12 7 25 0
LIT 7 0 13 7 24 0
LIT 7 0 14 7 23 0
LIT 7 0 15 7 22 0
LIT 7 0 16 7 21 0
LIT 7 0 17 7 20 0
LIT 7 0 18 7 19 0
LIT 7 0 19 7 18 0
LIT 7 0 20 7 17 0
LIT 7 0 21 7 16 0
LIT 7 0 22 7 15 0
LIT 7 0 23 7 14 0
LIT 7 0 24 7 13 0
LIT 7 0 25 7 12 0
LIT 7 0 26 7 11 0
LIT 7 0 27 7 10 0
LIT 7 0 28 7 9 0
LIT 7 0 29 7 8 0
LIT 7 0 30 7 7 0
LIT 7 0 31 7 6 0
LIT 7 0 32 7 5 0
LIT 7 0 33 7 4 0
LIT 7 0 34 7 3 0
LIT 7 0 35 7 2 0
LIT 7 0 36 7 1 0
LIT 7 1 0 7 0 1
LIT 7 1 1 7 31 1
LIT 7 1 2 7 25 1
LIT 7 1 3 7 19 1
LIT 7 1 4 7 13 1
LIT 7 1 5 7 7 1
LIT 7 1 6 7 1 1
LIT 7 1 7 7 32 1
LIT 7 1 8 7 26 1
LIT 7 1 9 7 20 1
LIT 7 1 10 7 14 1
LIT 7 1 11 7 8 1
LIT 7 1 12 7 2 1
LIT 7 1 13 7 33 1
LIT 7 1 14 7 27 1
LIT 7 1 15 7 21 1
LIT 7 1 16 7 15 1
LIT 7 1 17 7 9 1
LIT 7 1 18 7 3 1
LIT 7 1 19 7 34 1
LIT 7 1 20 7 28 1
LIT 7 1 21 7 22 1
LIT 7 1 22 7 16 1
LIT 7 1 23 7 10 1
LIT 7 1 24 7 4 1
LIT 7 1 25 7 35 1
LIT 7 1 26 7 29 1
LIT 7 1 27 7 23 1
LIT 7 1 28 7 17 1
LIT 7 1 29 7 11 1
LIT 7 1 30 7 5 1
LIT 7 1 31 7 36 1
LIT 7 1 32 7 30 1
LIT 7 1 33 7 24 1
LIT 7 1 34 7 18 1
LIT 7 1 35 7 12 1
LIT 7 1 36 7 6 1
LIT 7 2 0 7 0 0
LIT 7 2 1 7 1 0
LIT 7 2 2 7 2 0
LIT 7 2 3 7 3 0
LIT 7 2 4 7 4 0
LIT 7 2 5 7 5 0
LIT 7 2 6 7 6 0
LIT 7 2 7 7 7 0
LIT 7 2 8 7 8 0
LIT 7 2 9 7 9 0
LIT 7 2 10 7 10 0
LIT 7 2 11 7 11 0
LIT 7 2 12 7 12 0
LIT 7 2 13 7 13 0
LIT 7 2 14 7 14 0
LIT 7 2 15 7 15 0
LIT 7 2 16 7 16 0
LIT 7 2 17 7 17 0
LIT 7 2 18 7 18 0
LIT 7 2 19 7 19 0
LIT 7 2 20 7 20 0
LIT 7 2 21 7 21 0
LIT 7 2 22 7 22 0
LIT 7 2 23 7 23 0
LIT 7 2 24 7 24 0
LIT 7 2 25 7 25 0
LIT 7 2 26 7 26 0
LIT 7 2 27 7 27 0
LIT 7 2 28 7 28 0
LIT 7 2 29 7 29 0
LIT 7 2 30 7 30 0
LIT 7 2 31 7 31 0
LIT 7 2 32 7 32 0
LIT 7 2 33 7 33 0
LIT 7 2 34 7 34 0
LIT 7 2 35 7 35 0
LIT 7 2 36 7 36 0
LIT 7 3 0 11 0 0
LIT 7 3 1 11 36 0
LIT 7 3 2 11 35 0
LIT 7 3 3 11 34 0
LIT 7 3 4 11 33 0
LIT 7 3 5 11 32 0
LIT 7 3 6 11 31 0
LIT 7 3 7 11 30 0
LIT 7 3 8 11 29 0
LIT 7 3 9 11 28 0
LIT 7 3 10 11 27 0
LIT 7 3 11 11 26 0
LIT 7 3 12 11 25 0
LIT 7 3 13 11 24 0
LIT 7 3 14 11 23 0
LIT 7 3 15 11 22 0
LIT 7 3 16 11 21 0
LIT 7 3 17 11 20 0
LIT 7 3 18 11 19 0
LIT 7 3 19 11 18 0
LIT 7 3 20 11 17 0
LIT 7 3 21 11 16 0
LIT 7 3 22 11 15 0
LIT 7 3 23 11 14 0
LIT 7 3 24 11 13 0
LIT 7 3 25 11 12 0
LIT 7 3 26 11 11 0
LIT 7 3 27 11 10 0
LIT 7 3 28 11 9 0
LIT 7 3 29 11 8 0
LIT 7 3 30 11 7 0
LIT 7 3 31 11 6 0
LIT 7 3 32 11 5 0
LIT 7 3 33 11 4 0
LIT 7 3 34 11 3 0
LIT 7 3 35 11 2 0
LIT 7 3 36 11 1 0
LIT 7 4 0 11 0 0
LIT 7 4 1 11 1 0
LIT 7 4 2 11 2 0
LIT 7 4 3 11 3 0
LIT 7 4 4 11 4 0
LIT 7 4 5 11 5 0
LIT 7 4 6 11 6 0
LIT 7 4 7 11 7 0
LIT 7 4 8 11 8 0
LIT 7 4 9 11 9 0
LIT 7 4 10 11 10 0
LIT 7 4 11 11 11 0
LIT 7 4 12 11 12 0
LIT 7 4 13 11 13 0
LIT 7 4 14 11 14 0
LIT 7 4 15 11 15 0
LIT 7 4 16 11 16 0
LIT 7 4 17 11 17 0
LIT 7 4 18 11 18 0
LIT 7 4 19 11 19 0
LIT 7 4 20 11 20 0
LIT 7 4 21 11 21 0
LIT 7 4 22 11 22 0
LIT 7 4 23 11 23 0
LIT 7 4 24 11 24 0
LIT 7 4 25 11 25 0
LIT 7 4 26 11 26 0
LIT 7 4 27 11 27 0
LIT 7 4 28 11 28 0
LIT 7 4 29 11 29 0
LIT 7 4 30 11 30 0
LIT 7 4 31 11 31 0
LIT 7 4 32 11 32 0
LIT 7 4 33 11 33 0
LIT 7 4 34 11 34 0
LIT 7 4 35 11 35 0
LIT 7 4 36 11 36 0
LIT 7 5 0 11 0 1
LIT 7 5 1 11 6 1
LIT 7 5 2 11 12 1
LIT 7 5 3 11 18 1
LIT 7 5 4 11 24 1
LIT 7 5 5 11 30 1
LIT 7 5 6 11 36 1
LIT 7 5 7 11 5 1
LIT 7 5 8 11 11 1
LIT 7 5 9 11 17 1
LIT 7 5 10 11 23 1
LIT 7 5 11 11 29 1
LIT 7 5 12 11 35 1
LIT 7 5 13 11 4 1
LIT 7 5 14 11 10 1
LIT 7 5 15 11 16 1
LIT 7 5 16 11 22 1
LIT 7 5 17 11 28 1
LIT 7 5 18 11 34 1
LIT 7 5 19 11 3 1
LIT 7 5 20 11 9 1
LIT 7 5 21 11 15 1
LIT 7 5 22 11 21 1
LIT 7 5 23 11 27 1
LIT 7 5 24 11 33 1
LIT 7 5 25 11 2 1
LIT 7 5 26 11 8 1
LIT 7 5 27 11 14 1
LIT 7 5 28 11 20 1
LIT 7 5 29 11 26 1
LIT 7 5 30 11 32 1
LIT 7 5 31 11 1 1
LIT 7 5 32 11 7 1
LIT 7 5 33 11 13 1
LIT 7 5 34 11 19 1
LIT 7 5 35 11 25 1
LIT 7 5 36 11 31 1
LIT 7 6 0 11 0 1
LIT 7 6 1 11 31 1
LIT 7 6 2 11 25 1
LIT 7 6 3 11 19 1
LIT 7 6 4 11 13 1
LIT 7 6 5 11 7 1
LIT 7 6 6 11 1 1
LIT 7 6 7 11 32 1
LIT 7 6 8 11 26 1
LIT 7 6 9 11 20 1
LIT 7 6 10 11 14 1
LIT 7 6 11 11 8 1
LIT 7 6 12 11 2 1
LIT 7 6 13 11 33 1
LIT 7 6 14 11 27 1
LIT 7 6 15 11 21 1
LIT 7 6 16 11 15 1
LIT 7 6 17 11 9 1
LIT 7 6 18 11 3 1
LIT 7 6 19 11 34 1
LIT 7 6 20 11 28 1
LIT 7 6 21 11 22 1
LIT 7 6 22 11 16 1
LIT 7 6 23 11 10 1
LIT 7 6 24 11 4 1
LIT 7 6 25 11 35 1
LIT 7 6 26 11 29 1
LIT 7 6 27 11 23 1
LIT 7 6 28 11 17 1
LIT 7 6 29 11 11 1
LIT 7 6 30 11 5 1
LIT 7 6 31 11 36 1
LIT 7 6 32 11 30 1
LIT 7 6 33 11 24 1
LIT 7 6 34 11 18 1
LIT 7 6 35 11 12 1
LIT 7 6 36 11 6 1
LIT 7 7 0 -1 0 0
LIT 7 7 1 12 1 0
LIT 7 7 2 12 2 0
LIT 7 7 3 12 3 0
LIT 7 7 4 12 4 0
LIT 7 7 5 12 5 0
LIT 7 7 6 12 6 0
LIT 7 7 7 12 7 0
LIT 7 7 8 12 8 0
LIT 7 7 9 12 9 0
LIT 7 7 10 12 10 0
LIT 7 7 11 12 11 0
LIT 7 7 12 12 12 0
LIT 7 7 13 12 13 0
LIT 7 7 14 12 14 0
LIT 7 7 15 12 15 0
LIT 7 7 16 12 16 0
LIT 7 7 17 12 17 0
LIT 7 7 18 12 18 0
LIT 7 7 19 12 19 0
LIT 7 7 20 12 20 0
LIT 7 7 21 12 21 0
LIT 7 7 22 12 22 0
LIT 7 7 23 12 23 0
LIT 7 7 24 12 24 0
LIT 7 7 25 12 25 0
LIT 7 7 26 12 26 0
LIT 7 7 27 12 27 0
LIT 7 7 28 12 28 0
LIT 7 7 29 12 29 0
LIT 7 7 30 12 30 0
LIT 7 7 31 12 31 0
LIT 7 7 32 12 32 0
LIT 7 7 33 12 33 0
LIT 7 7 34 12 34 0
LIT 7 7 35 12 35 0
LIT 7 7 36 12 36 0
LIT 7 8 0 7 0 1
LIT 7 8 1 7 6 1
LIT 7 8 2 7 12 1
LIT 7 8 3 7 18 1
LIT 7 8 4 7 24 1
LIT 7 8 5 7 30 1
LIT 7 8 6 7 36 1
LIT 7 8 7 7 5 1
LIT 7 8 8 7 11 1
LIT 7 8 9 7 17 1
LIT 7 8 10 7 23 1
LIT 7 8 11 7 29 1
LIT 7 8 12 7 35 1
LIT 7 8 13 7 4 1
LIT 7 8 14 7 10 1
LIT 7 8 15 7 16 1
LIT 7 8 16 7 22 1
LIT 7 8 17 7 28 1
LIT 7 8 18 7 34 1
LIT 7 8 19 7 3 1
LIT 7 8 20 7 9 1
LIT 7 8 21 7 15 1
LIT 7 8 22 7 21 1
LIT 7 8 23 7 27 1
LIT 7 8 24 7 33 1
LIT 7 8 25 7 2 1
LIT 7 8 26 7 8 1
LIT 7 8 27 7 14 1
LIT 7 8 28 7 20 1
LIT 7 8 29 7 26 1
LIT 7 8 30 7 32 1
LIT 7 8 31 7 1 1
LIT 7 8 32 7 7 1
LIT 7 8 33 7 13 1
LIT 7 8 34 7 19 1
LIT 7 8 35 7 25 1
LIT 7 8 36 7 31 1
LIT 8 0 0 1 0 1
LIT 8 0 1 1 31 1
LIT 8 0 2 1 25 1
LIT 8 0 3 1 19 1
LIT 8 0 4 1 13 1
LIT 8 0 5 1 7 1
LIT 8 0 6 1 1 1
LIT 8 0 7 1 32 1
LIT 8 0 8 1 26 1
LIT 8 0 9 1 20 1
LIT 8 0 10 1 14 1
LIT 8 0 11 1 8 1
LIT 8 0 12 1 2 1
LIT 8 0 13 1 33 1
LIT 8 0 14 1 27 1
LIT 8 0 15 1 21 1
LIT 8 0 16 1 15 1
LIT 8 0 17 1 9 1
LIT 8 0 18 1 3 1
LIT 8 0 19 1 34 1
LIT 8 0 20 1 28 1
LIT 8 0 21 1 22 1
LIT 8 0 22 1 16 1
LIT 8 0 23 1 10 1
LIT 8 0 24 1 4 1
LIT 8 0 25 1 35 1
LIT 8 0 26 1 29 1
LIT 8 0 27 1 23 1
LIT 8 0 28 1 17 1
LIT 8 0 29 1 11 1
LIT 8 0 30 1 5 1
LIT 8 0 31 1 36 1
LIT 8 0 32 1 30 1
LIT 8 0 33 1 24 1
LIT 8 0 34 1 18 1
LIT 8 0 35 1 12 1
LIT 8 0 36 1 6 1
LIT 8 1 0 2 0 1
LIT 8 1 1 2 31 1
LIT 8 1 2 2 25 1
LIT 8 1 3 2 19 1
LIT 8 1 4 2 13 1
LIT 8 1 5 2 7 1
LIT 8 1 6 2 1 1
LIT 8 1 7 2 32 1
LIT 8 1 8 2 26 1
LIT 8 1 9 2 20 1
LIT 8 1 10 2 14 1
LIT 8 1 11 2 8 1
LIT 8 1 12 2 2 1
LIT 8 1 13 2 33 1
LIT 8 1 14 2 27 1
LIT 8 1 15 2 21 1
LIT 8 1 16 2 15 1
LIT 8 1 17 2 9 1
LIT 8 1 18 2 3 1
LIT 8 1 19 2 34 1
LIT 8 1 20 2 28 1
LIT 8 1 21 2 22 1
LIT 8 1 22 2 16 1
LIT 8 1 23 2 10 1
LIT 8 1 24 2 4 1
LIT 8 1 25 2 35 1
LIT 8 1 26 2 29 1
LIT 8 1 27 2 23 1
LIT 8 1 28 2 17 1
LIT 8 1 29 2 11 1
LIT 8 1 30 2 5 1
LIT 8 1 31 2 36 1
LIT 8 1 32 2 30 1
LIT 8 1 33 2 24 1
LIT 8 1 34 2 18 1
LIT 8 1 35 2 12 1
LIT 8 1 36 2 6 1
LIT 8 2 0 1 0 0
LIT 8 2 1 1 1 0
LIT 8 2 2 1 2 0
LIT 8 2 3 1 3 0
LIT 8 2 4 1 4 0
LIT 8 2 5 1 5 0
LIT 8 2 6 1 6 0
LIT 8 2 7 1 7 0
LIT 8 2 8 1 8 0
LIT 8 2 9 1 9 0
LIT 8 2 10 1 10 0
LIT 8 2 11 1 11 0
LIT 8 2 12 1 12 0
LIT 8 2 13 1 13 0
LIT 8 2 14 1 14 0
LIT 8 2 15 1 15 0
LIT 8 2 16 1 16 0
LIT 8 2 17 1 17 0
LIT 8 2 18 1 18 0
LIT 8 2 19 1 19 0
LIT 8 2 20 1 20 0
LIT 8 2 21 1 21 0
LIT 8 2 22 1 22 0
LIT 8 2 23 1 23 0
LIT 8 2 24 1 24 0
LIT 8 2 25 1 25 0
LIT 8 2 26 1 26 0
LIT 8 2 27 1 27 0
LIT 8 2 28 1 28 0
LIT 8 2 29 1 29 0
LIT 8 2 30 1 30 0
LIT 8 2 31 1 31 0
LIT 8 2 32 1 32 0
LIT 8 2 33 1 33 0
LIT 8 2 34 1 34 0
LIT 8 2 35 1 35 0
LIT 8 2 36 1 36 0
LIT 8 3 0 6 0 1
LIT 8 3 1 6 31 1
LIT 8 3 2 6 25 1
LIT 8 3 3 6 19 1
LIT 8 3 4 6 13 1
LIT 8 3 5 6 7 1
LIT 8 3 6 6 1 1
LIT 8 3 7 6 32 1
LIT 8 3 8 6 26 1
LIT 8 3 9 6 20 1
LIT 8 3 10 6 14 1
LIT 8 3 11 6 8 1
LIT 8 3 12 6 2 1
LIT 8 3 13 6 33 1
LIT 8 3 14 6 27 1
LIT 8 3 15 6 21 1
LIT 8 3 16 6 15 1
LIT 8 3 17 6 9 1
LIT 8 3 18 6 3 1
LIT 8 3 19 6 34 1
LIT 8 3 20 6 28 1
LIT 8 3 21 6 22 1
LIT 8 3 22 6 16 1
LIT 8 3 23 6 10 1
LIT 8 3 24 6 4 1
LIT 8 3 25 6 35 1
LIT 8 3 26 6 29 1
LIT 8 3 27 6 23 1
LIT 8 3 28 6 17 1
LIT 8 3 29 6 11 1
LIT 8 3 30 6 5 1
LIT 8 3 31 6 36 1
LIT 8 3 32 6 30 1
LIT 8 3 33 6 24 1
LIT 8 3 34 6 18 1
LIT 8 3 35 6 12 1
LIT 8 3 36 6 6 1
LIT 8 4 0 5 0 1
LIT 8 4 1 5 31 1
LIT 8 4 2 5 25 1
LIT 8 4 3 5 19 1
LIT 8 4 4 5 13 1
LIT 8 4 5 5 7 1
LIT 8 4 6 5 1 1
LIT 8 4 7 5 32 1
LIT 8 4 8 5 26 1
LIT 8 4 9 5 20 1
LIT 8 4 10 5 14 1
LIT 8 4 11 5 8 1
LIT 8 4 12 5 2 1
LIT 8 4 13 5 33 1
LIT 8 4 14 5 27 1
LIT 8 4 15 5 21 1
LIT 8 4 16 5 15 1
LIT 8 4 17 5 9 1
LIT 8 4 18 5 3 1
LIT 8 4 19 5 34 1
LIT 8 4 20 5 28 1
LIT 8 4 21 5 22 1
LIT 8 4 22 5 16 1
LIT 8 4 23 5 10 1
LIT 8 4 24 5 4 1
LIT 8 4 25 5 35 1
LIT 8 4 26 5 29 1
LIT 8 4 27 5 23 1
LIT 8 4 28 5 17 1
LIT 8 4 29 5 11 1
LIT 8 4 30 5 5 1
LIT 8 4 31 5 36 1
LIT 8 4 32 5 30 1
LIT 8 4 33 5 24 1
LIT 8 4 34 5 18 1
LIT 8 4 35 5 12 1
LIT 8 4 36 5 6 1
LIT 8 5 0 3 0 1
LIT 8 5 1 3 31 1
LIT 8 5 2 3 25 1
LIT 8 5 3 3 19 1
LIT 8 5 4 3 13 1
LIT 8 5 5 3 7 1
LIT 8 5 6 3 1 1
LIT 8 5 7 3 32 1
LIT 8 5 8 3 26 1
LIT 8 5 9 3 20 1
LIT 8 5 10 3 14 1
LIT 8 5 11 3 8 1
LIT 8 5 12 3 2 1
LIT 8 5 13 3 33 1
LIT 8 5 14 3 27 1
LIT 8 5 15 3 21 1
LIT 8 5 16 3 15 1
LIT 8 5 17 3 9 1
LIT 8 5 18 3 3 1
LIT 8 5 19 3 34 1
LIT 8 5 20 3 28 1
LIT 8 5 21 3 22 1
LIT 8 5 22 3 16 1
LIT 8 5 23 3 10 1
LIT 8 5 24 3 4 1
LIT 8 5 25 3 35 1
LIT 8 5 26 3 29 1
LIT 8 5 27 3 23 1
LIT 8 5 28 3 17 1
LIT 8 5 29 3 11 1
LIT 8 5 30 3 5 1
LIT 8 5 31 3 36 1
LIT 8 5 32 3 30 1
LIT 8 5 33 3 24 1
LIT 8 5 34 3 18 1
LIT 8 5 35 3 12 1
LIT 8 5 36 3 6 1
LIT 8 6 0 4 0 1
LIT 8 6 1 4 31 1
LIT 8 6 2 4 25 1
LIT 8 6 3 4 19 1
LIT 8 6 4 4 13 1
LIT 8 6 5 4 7 1
LIT 8 6 6 4 1 1
LIT 8 6 7 4 32 1
LIT 8 6 8 4 26 1
LIT 8 6 9 4 20 1
LIT 8 6 10 4 14 1
LIT 8 6 11 4 8 1
LIT 8 6 12 4 2 1
LIT 8 6 13 4 33 1
LIT 8 6 14 4 27 1
LIT 8 6 15 4 21 1
LIT 8 6 16 4 15 1
LIT 8 6 17 4 9 1
LIT 8 6 18 4 3 1
LIT 8 6 19 4 34 1
LIT 8 6 20 4 28 1
LIT 8 6 21 4 22 1
LIT 8 6 22 4 16 1
LIT 8 6 23 4 10 1
LIT 8 6 24 4 4 1
LIT 8 6 25 4 35 1
LIT 8 6 26 4 29 1
LIT 8 6 27 4 23 1
LIT 8 6 28 4 17 1
LIT 8 6 29 4 11 1
LIT 8 6 30 4 5 1
LIT 8 6 31 4 36 1
LIT 8 6 32 4 30 1
LIT 8 6 33 4 24 1
LIT 8 6 34 4 18 1
LIT 8 6 35 4 12 1
LIT 8 6 36 4 6 1
LIT 8 7 0 7 0 1
LIT 8 7 1 7 31 1
LIT 8 7 2 7 25 1
LIT 8 7 3 7 19 1
LIT 8 7 4 7 13 1
LIT 8 7 5 7 7 1
LIT 8 7 6 7 1 1
LIT 8 7 7 7 32 1
LIT 8 7 8 7 26 1
LIT 8 7 9 7 20 1
LIT 8 7 10 7 14 1
LIT 8 7 11 7 8 1
LIT 8 7 12 7 2 1
LIT 8 7 13 7 33 1
LIT 8 7 14 7 27 1
LIT 8 7 15 7 21 1
LIT 8 7 16 7 15 1
LIT 8 7 17 7 9 1
LIT 8 7 18 7 3 1
LIT 8 7 19 7 34 1
LIT 8 7 20 7 28 1
LIT 8 7 21 7 22 1
LIT 8 7 22 7 16 1
LIT 8 7 23 7 10 1
LIT 8 7 24 7 4 1
LIT 8 7 25 7 35 1
LIT 8 7 26 7 29 1
LIT 8 7 27 7 23 1
LIT 8 7 28 7 17 1
LIT 8 7 29 7 11 1
LIT 8 7 30 7 5 1
LIT 8 7 31 7 36 1
LIT 8 7 32 7 30 1
LIT 8 7 33 7 24 1
LIT 8 7 34 7 18 1
LIT 8 7 35 7 12 1
LIT 8 7 36 7 6 1
LIT 8 8 0 -1 0 0
LIT 8 8 1 0 31 1
LIT 8 8 2 0 25 1
LIT 8 8 3 0 19 1
LIT 8 8 4 0 13 1
LIT 8 8 5 0 7 1
LIT 8 8 6 0 1 1
LIT 8 8 7 0 32 1
LIT 8 8 8 0 26 1
LIT 8 8 9 0 20 1
LIT 8 8 10 0 14 1
LIT 8 8 11 0 8 1
LIT 8 8 12 0 2 1
LIT 8 8 13 0 33 1
LIT 8 8 14 0 27 1
LIT 8 8 15 0 21 1
LIT 8 8 16 0 15 1
LIT 8 8 17 0 9 1
LIT 8 8 18 0 3 1
LIT 8 8 19 0 34 1
LIT 8 8 20 0 28 1
LIT 8 8 21 0 22 1
LIT 8 8 22 0 16 1
LIT 8 8 23 0 10 1
LIT 8 8 24 0 4 1
LIT 8 8 25 0 35 1
LIT 8 8 26 0 29 1
LIT 8 8 27 0 23 1
LIT 8 8 28 0 17 1
LIT 8 8 29 0 11 1
LIT 8 8 30 0 5 1
LIT 8 8 31 0 36 1
LIT 8 8 32 0 30 1
LIT 8 8 33 0 24 1
LIT 8 8 34 0 18 1
LIT 8 8 35 0 12 1
LIT 8 8 36 0 6 1
